6696
98638 0.3375 0
98605 0.3375 0
98948 0.025 0
98948 0.3375 0
98948 0.0625 0
98948 0.1 0
98948 0.1 0
98948 0.21375 0
98948 0.3375 0
98948 0.3375 0
98948 0.1 0
98948 0.15 0
98948 0.1 0
98948 0.0625 0
98948 0.15 0
98828 0.3375 0
98828 0.21375 0
99001 0.1 0
99001 0.3375 0
99001 0.21375 0
99001 0.21375 0
99001 0.3375 0
99001 0.025 0
98631 0.15 0
98631 0.3375 0
98631 0.3375 0
98439 0.21375 0
98439 0.0625 0
98439 0.025 0
98439 0.15 0
98439 0.15 0
98550 0.21375 0
98550 0.1 0
98550 0.0625 0
98550 0.0625 0
98550 0.025 0
98550 0.3375 0
98550 0.1 0
98550 0.025 0
98550 0.21375 0
98550 0.21375 0
98550 0.1 0
98266 0.1 0
98266 0.0625 0
98266 0.025 0
98591 0.15 0
98591 0.025 0
98591 0.3375 0
99116 0.0625 0
98315 0.21375 0
98315 0.0625 0
98315 0.3375 0
98315 0.3375 0
98315 0.15 0
98315 0.21375 0
98645 0.3375 0
99323 0.3375 0
99323 0.3375 0
99323 0.15 0
98649 0.15 0
98320 0.15 0
99111 0.3375 0
99111 0.15 0
99111 0.21375 0
99111 0.3375 0
99181 0.025 0
99036 0.1 0
99009 0.3375 0
99009 0.025 0
99009 0.3375 0
98557 0.21375 0
98557 0.15 0
98557 0.3375 0
98295 0.15 0
98295 0.21375 0
98357 0.21375 0
98548 0.1 0
98548 0.15 0
98325 0.3375 0
99109 0.025 0
99109 0.21375 0
99109 0.21375 0
99109 0.1 0
99109 0.21375 0
99141 0.1 0
99141 0.21375 0
99141 0.3375 0
99141 0.025 0
99141 0.15 0
98624 0.025 0
98247 0.3375 0
98247 0.025 0
98247 0.15 0
98247 0.3375 0
98247 0.15 0
98247 0.3375 0
98247 0.3375 0
98247 0.15 0
98247 0.3375 0
98247 0.1 0
99320 0.21375 0
99320 0.025 0
99320 0.3375 0
99320 0.21375 0
99320 0.3375 0
99320 0.21375 0
99320 0.15 0
99320 0.3375 0
99320 0.21375 0
99361 0.025 0
98846 0.15 0
98595 0.21375 0
98595 0.0625 0
99122 0.15 0
99122 0.1 0
99122 0.21375 0
98851 0.0625 0
98851 0.025 0
98851 0.15 0
98936 0.0625 0
98936 0.15 0
98936 0.0625 0
98936 0.21375 0
98936 0.0625 0
98850 0.0625 0
98932 0.1 0
98932 0.3375 0
98932 0.1 0
98932 0.1 0
98932 0.0625 0
98281 0.21375 0
98663 0.15 0
98663 0.15 0
98663 0.3375 0
98663 0.1 0
98663 0.3375 0
98663 0.21375 0
98663 0.15 0
98663 0.3375 0
98663 0.15 0
98663 0.15 0
98663 0.15 0
98663 0.0625 0
98663 0.3375 0
99185 0.3375 0
98537 0.3375 0
98537 0.21375 0
98564 0.025 0
98564 0.21375 0
98849 0.0625 0
99169 0.1 0
99169 0.15 0
98951 0.1 0
98951 0.025 0
98951 0.0625 0
98951 0.0625 0
98951 0.3375 0
98951 0.1 0
98951 0.025 0
98951 0.21375 0
98951 0.1 0
98951 0.0625 0
98951 0.3375 0
98951 0.3375 0
98951 0.21375 0
98547 0.15 0
98937 0.0625 0
98937 0.3375 0
98937 0.3375 0
98588 0.21375 0
98823 0.21375 0
98823 0.0625 0
98823 0.0625 0
98823 0.21375 0
98823 0.1 0
98823 0.3375 0
98823 0.21375 0
98823 0.0625 0
98823 0.3375 0
98823 0.1 0
98823 0.025 0
99025 0.1 0
99025 0.15 0
99025 0.21375 0
99025 0.1 0
99025 0.15 0
98363 0.3375 0
98363 0.21375 0
98363 0.3375 0
98363 0.21375 0
98363 0.1 0
98363 0.21375 0
98363 0.21375 0
98363 0.3375 0
98363 0.0625 0
98363 0.21375 0
98363 0.15 0
98363 0.21375 0
98363 0.3375 0
98363 0.15 0
99033 0.3375 0
98862 0.1 0
98862 0.025 0
99156 0.3375 0
99156 0.0625 0
99156 0.025 0
99156 0.025 0
99156 0.15 0
99156 0.3375 0
99156 0.1 0
99156 0.21375 0
98251 0.025 0
98251 0.15 0
98251 0.025 0
98251 0.3375 0
98528 0.025 0
98528 0.21375 0
98528 0.3375 0
98528 0.15 0
98528 0.21375 0
98528 0.0625 0
98528 0.21375 0
98528 0.3375 0
98528 0.21375 0
98611 0.15 0
98611 0.15 0
98611 0.3375 0
98611 0.1 0
98611 0.025 0
98611 0.3375 0
98611 0.21375 0
98611 0.15 0
98611 0.21375 0
98611 0.0625 0
98443 0.3375 0
98443 0.15 0
98443 0.3375 0
98443 0.1 0
98443 0.15 0
99216 0.3375 0
99216 0.0625 0
99216 0.3375 0
99216 0.15 0
99216 0.0625 0
99216 0.21375 0
99216 0.025 0
99216 0.025 0
99216 0.025 0
99216 0.15 0
99216 0.21375 0
99216 0.3375 0
99216 0.3375 0
99216 0.0625 0
99216 0.025 0
99216 0.0625 0
99216 0.0625 0
99216 0.15 0
99216 0.1 0
99216 0.21375 0
99216 0.21375 0
99216 0.025 0
99216 0.025 0
99216 0.3375 0
99216 0.3375 0
98433 0.025 0
98433 0.1 0
98433 0.15 0
98433 0.15 0
98433 0.1 0
98433 0.025 0
98433 0.15 0
98433 0.1 0
98433 0.21375 0
98433 0.1 0
98433 0.15 0
98433 0.21375 0
98433 0.1 0
98433 0.025 0
98433 0.1 0
98433 0.025 0
98433 0.3375 0
98433 0.21375 0
99133 0.15 0
98674 0.025 0
98674 0.15 0
98674 0.21375 0
98674 0.3375 0
98674 0.1 0
98674 0.0625 0
98674 0.025 0
98674 0.21375 0
98674 0.025 0
98674 0.0625 0
98674 0.3375 0
98626 0.21375 0
98626 0.3375 0
98626 0.21375 0
98626 0.0625 0
98626 0.025 0
98626 0.1 0
98626 0.3375 0
98626 0.025 0
98626 0.21375 0
98626 0.0625 0
98626 0.21375 0
98626 0.3375 0
98626 0.15 0
98626 0.3375 0
98626 0.3375 0
98626 0.025 0
98626 0.21375 0
98626 0.15 0
98626 0.0625 0
98626 0.15 0
98626 0.15 0
98626 0.1 0
98626 0.025 0
98626 0.15 0
98331 0.21375 0
98331 0.025 0
98331 0.025 0
98331 0.15 0
98331 0.1 0
98331 0.3375 0
98648 0.3375 0
98648 0.0625 0
99003 0.1 0
99003 0.3375 0
99003 0.0625 0
99003 0.21375 0
98337 0.3375 0
98337 0.025 0
98337 0.025 0
98337 0.3375 0
98337 0.21375 0
98337 0.0625 0
99180 0.1 0
98596 0.025 0
98596 0.1 0
98596 0.025 0
98596 0.21375 0
98596 0.0625 0
98596 0.21375 0
98596 0.1 0
99204 0.025 0
99204 0.21375 0
99204 0.21375 0
99204 0.0625 0
99204 0.15 0
99403 0.21375 0
99403 0.3375 0
99403 0.1 0
99403 0.1 0
99403 0.0625 0
99403 0.21375 0
99403 0.3375 0
99403 0.15 0
99403 0.21375 0
99403 0.025 0
99403 0.15 0
99403 0.3375 0
99403 0.1 0
99403 0.15 0
99403 0.15 0
99403 0.3375 0
99403 0.0625 0
99403 0.3375 0
99403 0.21375 0
99403 0.3375 0
98360 0.21375 0
98360 0.3375 0
98360 0.3375 0
98360 0.3375 0
98360 0.3375 0
98360 0.21375 0
98360 0.3375 0
98360 0.3375 0
98360 0.3375 0
98360 0.3375 0
98360 0.3375 0
98360 0.3375 0
99006 0.1 0
99006 0.21375 0
99006 0.15 0
99006 0.1 0
99006 0.3375 0
99006 0.3375 0
99006 0.1 0
99006 0.3375 0
99006 0.21375 0
99006 0.3375 0
99006 0.15 0
99006 0.21375 0
99114 0.0625 0
99114 0.025 0
99114 0.0625 0
99114 0.15 0
99114 0.3375 0
99114 0.3375 0
99114 0.0625 0
99114 0.3375 0
99114 0.0625 0
99114 0.21375 0
99114 0.025 0
98812 0.1 0
98812 0.025 0
98812 0.15 0
98812 0.21375 0
98812 0.15 0
98620 0.1 0
98620 0.3375 0
98620 0.025 0
98620 0.1 0
98620 0.15 0
98620 0.21375 0
98620 0.3375 0
98592 0.1 0
98947 0.3375 0
98947 0.21375 0
98947 0.025 0
98239 0.3375 0
98239 0.3375 0
98239 0.3375 0
98239 0.3375 0
98239 0.21375 0
98239 0.15 0
98239 0.3375 0
98346 0.3375 0
98346 0.21375 0
98346 0.3375 0
98346 0.3375 0
98346 0.3375 0
98346 0.3375 0
98346 0.0625 0
98346 0.3375 0
98346 0.3375 0
98346 0.3375 0
98077 0.3375 0
98077 0.025 0
98077 0.3375 0
98077 0.3375 0
98077 0.3375 0
98077 0.15 0
98077 0.3375 0
98077 0.3375 0
98077 0.3375 0
98077 0.3375 0
98077 0.3375 0
98077 0.1 0
98077 0.3375 0
98077 0.3375 0
99027 0.3375 0
99027 0.21375 0
99027 0.3375 0
99027 0.3375 0
99027 0.1 0
99027 0.3375 0
98908 0.21375 0
98908 0.3375 0
98908 0.21375 0
98908 0.3375 0
98908 0.3375 0
98908 0.3375 0
98908 0.3375 0
98908 0.21375 0
98908 0.15 0
98908 0.3375 0
98908 0.3375 0
98908 0.21375 0
98908 0.3375 0
98908 0.0625 0
98908 0.3375 0
98908 0.025 0
98908 0.1 0
98908 0.3375 0
98908 0.15 0
98908 0.21375 0
98908 0.3375 0
98908 0.0625 0
98908 0.15 0
98908 0.3375 0
98908 0.3375 0
98908 0.21375 0
98908 0.1 0
98908 0.3375 0
98908 0.21375 0
98908 0.15 0
98908 0.3375 0
98908 0.1 0
98908 0.3375 0
98908 0.3375 0
98908 0.21375 0
99115 0.0625 0
98934 0.3375 0
98446 0.025 0
98446 0.3375 0
98446 0.21375 0
98446 0.21375 0
98446 0.3375 0
98446 0.0625 0
98446 0.21375 0
98446 0.15 0
98446 0.0625 0
98261 0.3375 0
98261 0.025 0
98376 0.3375 0
98801 0.0625 0
98801 0.15 0
98801 0.0625 0
98801 0.3375 0
98801 0.15 0
98801 0.15 0
98801 0.1 0
98801 0.025 0
98801 0.0625 0
98801 0.3375 0
98801 0.0625 0
98801 0.21375 0
98801 0.3375 0
98801 0.025 0
98801 0.15 0
98801 0.0625 0
98801 0.1 0
98801 0.3375 0
98801 0.21375 0
98801 0.3375 0
98801 0.0625 0
98801 0.025 0
98801 0.3375 0
98801 0.1 0
98801 0.21375 0
98801 0.3375 0
98801 0.15 0
98801 0.0625 0
98801 0.0625 0
98801 0.21375 0
98801 0.025 0
98801 0.15 0
98801 0.3375 0
98801 0.3375 0
98801 0.0625 0
98801 0.21375 0
98801 0.15 0
98801 0.21375 0
98801 0.1 0
98801 0.025 0
98801 0.1 0
98801 0.3375 0
98499 0.025 0
98499 0.1 0
98499 0.21375 0
98499 0.025 0
98499 0.0625 0
98499 0.3375 0
98499 0.025 0
98499 0.025 0
98499 0.21375 0
98499 0.3375 0
98499 0.1 0
98499 0.1 0
98499 0.3375 0
98499 0.3375 0
98499 0.1 0
98499 0.3375 0
98499 0.21375 0
98499 0.21375 0
98499 0.15 0
98499 0.025 0
98499 0.3375 0
98499 0.025 0
98499 0.1 0
98499 0.15 0
98499 0.21375 0
98499 0.1 0
98499 0.3375 0
98499 0.0625 0
98499 0.1 0
98499 0.3375 0
98635 0.15 0
99326 0.0625 0
99326 0.025 0
99326 0.0625 0
99326 0.0625 0
99326 0.21375 0
99326 0.0625 0
99337 0.21375 0
99337 0.21375 0
99337 0.025 0
99337 0.3375 0
99337 0.21375 0
99337 0.3375 0
99337 0.025 0
99337 0.1 0
99337 0.1 0
99337 0.21375 0
99337 0.15 0
99337 0.21375 0
99337 0.3375 0
99337 0.1 0
99337 0.3375 0
99337 0.3375 0
99337 0.3375 0
99337 0.1 0
99337 0.3375 0
99337 0.3375 0
99337 0.3375 0
99337 0.21375 0
99337 0.0625 0
99337 0.21375 0
99337 0.21375 0
99337 0.3375 0
99337 0.0625 0
99337 0.025 0
99337 0.0625 0
99337 0.21375 0
99324 0.21375 0
99324 0.1 0
99324 0.3375 0
99324 0.15 0
99324 0.15 0
99324 0.1 0
99324 0.1 0
99324 0.025 0
99324 0.15 0
99148 0.3375 0
99207 0.3375 0
99207 0.21375 0
99207 0.3375 0
99207 0.0625 0
99207 0.3375 0
99207 0.025 0
99207 0.0625 0
99207 0.025 0
99207 0.3375 0
99207 0.0625 0
99207 0.21375 0
99207 0.21375 0
99207 0.1 0
99207 0.025 0
99207 0.0625 0
99207 0.025 0
99207 0.3375 0
99207 0.21375 0
99207 0.1 0
99207 0.15 0
99207 0.0625 0
99207 0.21375 0
99207 0.21375 0
99207 0.15 0
99207 0.15 0
99207 0.3375 0
99207 0.3375 0
99207 0.15 0
99207 0.21375 0
98831 0.3375 0
98831 0.3375 0
98844 0.21375 0
98844 0.3375 0
98844 0.025 0
98844 0.15 0
98603 0.21375 0
98601 0.15 0
98601 0.1 0
98601 0.21375 0
98563 0.21375 0
98563 0.3375 0
98563 0.3375 0
98563 0.15 0
98563 0.3375 0
98563 0.3375 0
98563 0.15 0
99021 0.3375 0
99021 0.3375 0
99021 0.1 0
99021 0.3375 0
99021 0.3375 0
99021 0.21375 0
99021 0.0625 0
99021 0.15 0
99022 0.1 0
99022 0.3375 0
99022 0.21375 0
99022 0.025 0
99022 0.3375 0
99022 0.15 0
99022 0.0625 0
99022 0.3375 0
99217 0.21375 0
99217 0.1 0
99217 0.025 0
99217 0.21375 0
99217 0.1 0
99217 0.21375 0
99217 0.15 0
99217 0.025 0
99217 0.1 0
99217 0.3375 0
99217 0.0625 0
99217 0.0625 0
99217 0.0625 0
99217 0.025 0
99217 0.21375 0
99217 0.3375 0
99217 0.025 0
99217 0.15 0
98930 0.025 0
98930 0.21375 0
98930 0.21375 0
98930 0.1 0
98930 0.1 0
98930 0.1 0
98930 0.3375 0
98930 0.15 0
98930 0.21375 0
98930 0.15 0
98930 0.15 0
98930 0.15 0
98930 0.0625 0
98930 0.3375 0
98930 0.0625 0
98930 0.0625 0
98520 0.0625 0
98520 0.3375 0
98520 0.3375 0
98520 0.3375 0
98520 0.1 0
98520 0.15 0
98520 0.21375 0
98520 0.3375 0
98520 0.3375 0
98520 0.025 0
98520 0.025 0
98520 0.21375 0
98520 0.3375 0
98520 0.21375 0
98520 0.3375 0
98520 0.3375 0
98520 0.21375 0
98520 0.0625 0
98520 0.21375 0
98520 0.21375 0
98520 0.025 0
98520 0.15 0
98520 0.3375 0
98342 0.025 0
98380 0.0625 0
98380 0.21375 0
98380 0.3375 0
98380 0.3375 0
98365 0.21375 0
98365 0.21375 0
98365 0.3375 0
98365 0.3375 0
98354 0.15 0
98354 0.15 0
98354 0.3375 0
98354 0.3375 0
98354 0.025 0
98354 0.21375 0
98354 0.21375 0
98339 0.3375 0
98339 0.3375 0
98339 0.0625 0
98383 0.3375 0
98383 0.1 0
98383 0.3375 0
98383 0.1 0
98383 0.025 0
98383 0.025 0
98383 0.15 0
98383 0.3375 0
98383 0.0625 0
98383 0.15 0
98383 0.1 0
98383 0.3375 0
98383 0.1 0
98383 0.15 0
98383 0.3375 0
98383 0.3375 0
98383 0.3375 0
98383 0.21375 0
98383 0.0625 0
98383 0.1 0
98232 0.21375 0
98232 0.3375 0
98232 0.15 0
98232 0.15 0
98003 0.15 0
98003 0.15 0
98003 0.3375 0
98003 0.025 0
98003 0.21375 0
98003 0.025 0
98003 0.025 0
98003 0.1 0
98003 0.21375 0
98003 0.025 0
98003 0.3375 0
98003 0.025 0
98003 0.1 0
98003 0.3375 0
98003 0.3375 0
98003 0.1 0
98003 0.21375 0
98003 0.21375 0
98003 0.15 0
98003 0.15 0
98003 0.3375 0
98003 0.15 0
98003 0.025 0
98003 0.1 0
98003 0.15 0
98003 0.1 0
98003 0.21375 0
98003 0.3375 0
98003 0.3375 0
98003 0.3375 0
98003 0.21375 0
98003 0.0625 0
98003 0.15 0
98003 0.3375 0
98003 0.025 0
98003 0.15 0
98003 0.21375 0
98003 0.21375 0
98003 0.0625 0
98003 0.21375 0
98003 0.1 0
98003 0.0625 0
98003 0.15 0
98003 0.15 0
98003 0.0625 0
98003 0.21375 0
98003 0.3375 0
98327 0.15 0
98327 0.3375 0
98327 0.3375 0
98327 0.3375 0
98327 0.21375 0
98327 0.3375 0
98327 0.3375 0
98327 0.3375 0
98327 0.3375 0
98252 0.3375 0
98252 0.3375 0
98252 0.21375 0
98252 0.025 0
98252 0.3375 0
98252 0.21375 0
98252 0.1 0
98252 0.3375 0
98252 0.3375 0
98253 0.3375 0
98241 0.025 0
98241 0.025 0
98675 0.3375 0
98675 0.3375 0
98675 0.025 0
98675 0.21375 0
98675 0.21375 0
98675 0.21375 0
98675 0.3375 0
98375 0.3375 0
98375 0.0625 0
98375 0.21375 0
98375 0.21375 0
98375 0.21375 0
98375 0.21375 0
98375 0.21375 0
98375 0.0625 0
98375 0.1 0
98375 0.3375 0
98375 0.3375 0
98375 0.1 0
98375 0.3375 0
98375 0.3375 0
98375 0.3375 0
98375 0.3375 0
98375 0.15 0
98375 0.0625 0
98375 0.0625 0
98375 0.025 0
98375 0.3375 0
98375 0.0625 0
98375 0.3375 0
98375 0.3375 0
98375 0.21375 0
98375 0.0625 0
98375 0.025 0
98375 0.0625 0
98375 0.025 0
98359 0.3375 0
98359 0.1 0
98359 0.3375 0
98359 0.21375 0
99328 0.21375 0
99328 0.21375 0
99328 0.3375 0
99206 0.3375 0
99206 0.1 0
99206 0.15 0
99206 0.21375 0
99206 0.3375 0
99206 0.025 0
99206 0.025 0
99206 0.3375 0
99206 0.3375 0
99206 0.3375 0
99206 0.21375 0
99206 0.3375 0
99206 0.025 0
99206 0.1 0
99206 0.1 0
99206 0.025 0
99206 0.21375 0
99206 0.3375 0
99206 0.15 0
99206 0.1 0
99206 0.21375 0
99206 0.1 0
99206 0.15 0
99206 0.3375 0
99206 0.15 0
99206 0.025 0
99206 0.1 0
99206 0.21375 0
99206 0.3375 0
99206 0.3375 0
99206 0.025 0
99206 0.1 0
99206 0.3375 0
99206 0.3375 0
99206 0.3375 0
99206 0.15 0
98576 0.15 0
98576 0.15 0
98576 0.1 0
98576 0.0625 0
98010 0.025 0
98010 0.3375 0
98010 0.3375 0
98010 0.3375 0
98010 0.1 0
98589 0.3375 0
98589 0.0625 0
98589 0.15 0
98589 0.21375 0
98589 0.3375 0
98589 0.15 0
98264 0.15 0
98264 0.3375 0
98264 0.15 0
98264 0.21375 0
98264 0.21375 0
98264 0.15 0
98264 0.21375 0
98264 0.3375 0
98264 0.3375 0
98264 0.21375 0
98264 0.15 0
98264 0.1 0
98264 0.3375 0
98264 0.3375 0
98264 0.21375 0
98264 0.3375 0
98264 0.3375 0
98264 0.15 0
98264 0.3375 0
98816 0.1 0
98816 0.3375 0
98816 0.15 0
98816 0.1 0
98816 0.025 0
98816 0.025 0
98672 0.1 0
98672 0.15 0
98672 0.3375 0
98672 0.15 0
98672 0.21375 0
98672 0.3375 0
98233 0.3375 0
98233 0.025 0
98233 0.025 0
98233 0.1 0
98233 0.15 0
98233 0.0625 0
98233 0.3375 0
98233 0.15 0
98233 0.025 0
98233 0.3375 0
98233 0.15 0
98233 0.21375 0
98233 0.3375 0
98233 0.21375 0
98236 0.15 0
98236 0.3375 0
98236 0.21375 0
98236 0.3375 0
98236 0.3375 0
98236 0.025 0
98532 0.15 0
98532 0.025 0
98532 0.15 0
98532 0.0625 0
98532 0.21375 0
98532 0.21375 0
98532 0.3375 0
98532 0.1 0
98532 0.21375 0
98532 0.3375 0
98532 0.1 0
98532 0.21375 0
98532 0.0625 0
98532 0.1 0
98532 0.3375 0
98532 0.025 0
98532 0.21375 0
98532 0.3375 0
98532 0.3375 0
98532 0.15 0
98532 0.3375 0
98532 0.0625 0
98532 0.21375 0
98532 0.3375 0
98660 0.3375 0
98660 0.15 0
98660 0.0625 0
98660 0.3375 0
98660 0.0625 0
98660 0.025 0
98660 0.15 0
98660 0.15 0
98660 0.025 0
98660 0.15 0
98660 0.0625 0
98660 0.15 0
98498 0.15 0
98498 0.3375 0
98498 0.21375 0
98498 0.0625 0
98498 0.15 0
98498 0.15 0
98498 0.15 0
98498 0.3375 0
98498 0.3375 0
98498 0.3375 0
98498 0.3375 0
98498 0.025 0
98498 0.15 0
98498 0.3375 0
98498 0.3375 0
98498 0.3375 0
98498 0.1 0
98498 0.21375 0
98498 0.3375 0
98498 0.21375 0
98498 0.21375 0
98498 0.025 0
98498 0.21375 0
98498 0.1 0
98498 0.3375 0
98498 0.21375 0
98498 0.3375 0
99037 0.21375 0
99037 0.3375 0
99037 0.3375 0
99037 0.21375 0
99037 0.3375 0
99037 0.15 0
99037 0.3375 0
99037 0.21375 0
99037 0.0625 0
99037 0.15 0
99037 0.21375 0
99037 0.3375 0
98051 0.025 0
98051 0.3375 0
98051 0.025 0
98465 0.21375 0
98465 0.025 0
98465 0.3375 0
98465 0.15 0
98465 0.1 0
98465 0.21375 0
98404 0.21375 0
98404 0.21375 0
98404 0.3375 0
98404 0.1 0
98404 0.15 0
98404 0.3375 0
98404 0.3375 0
98404 0.0625 0
98404 0.21375 0
98404 0.15 0
98404 0.21375 0
98404 0.21375 0
98404 0.1 0
98404 0.3375 0
98404 0.15 0
98404 0.0625 0
98404 0.21375 0
98404 0.21375 0
98404 0.15 0
98404 0.15 0
98404 0.0625 0
98404 0.21375 0
98404 0.3375 0
98404 0.025 0
98404 0.21375 0
98404 0.1 0
98404 0.3375 0
98404 0.025 0
98404 0.025 0
98404 0.21375 0
98404 0.3375 0
98404 0.3375 0
98404 0.0625 0
98404 0.3375 0
98524 0.3375 0
98524 0.3375 0
98524 0.3375 0
98524 0.3375 0
98445 0.21375 0
98445 0.025 0
98445 0.21375 0
98445 0.1 0
98445 0.3375 0
98445 0.3375 0
98445 0.3375 0
98445 0.21375 0
98445 0.3375 0
98445 0.3375 0
98445 0.0625 0
98445 0.3375 0
98445 0.0625 0
98445 0.21375 0
98445 0.3375 0
98445 0.21375 0
98445 0.0625 0
98445 0.15 0
98445 0.21375 0
98445 0.3375 0
98445 0.3375 0
98445 0.15 0
98445 0.15 0
98445 0.0625 0
98445 0.21375 0
98445 0.21375 0
98445 0.1 0
98445 0.3375 0
98445 0.1 0
98445 0.3375 0
98944 0.21375 0
98944 0.3375 0
98944 0.21375 0
98944 0.21375 0
98944 0.15 0
98944 0.21375 0
98944 0.1 0
98944 0.15 0
98944 0.025 0
98944 0.15 0
98944 0.3375 0
98944 0.3375 0
98944 0.3375 0
98944 0.1 0
98944 0.21375 0
98944 0.21375 0
98944 0.0625 0
98944 0.0625 0
98944 0.1 0
98944 0.15 0
98944 0.1 0
98944 0.15 0
98002 0.3375 0
98002 0.3375 0
98002 0.21375 0
98002 0.0625 0
98002 0.21375 0
98002 0.3375 0
98002 0.15 0
98002 0.3375 0
98002 0.15 0
98002 0.3375 0
98002 0.025 0
98002 0.15 0
98002 0.3375 0
98002 0.3375 0
98002 0.3375 0
98002 0.15 0
98002 0.3375 0
98002 0.15 0
98002 0.3375 0
98002 0.3375 0
98002 0.15 0
98002 0.0625 0
98002 0.15 0
98002 0.025 0
98002 0.3375 0
98002 0.025 0
98002 0.3375 0
98002 0.1 0
98002 0.3375 0
98002 0.3375 0
98002 0.3375 0
98002 0.0625 0
98002 0.3375 0
99357 0.3375 0
99357 0.21375 0
99357 0.3375 0
99357 0.3375 0
99016 0.025 0
99016 0.15 0
99016 0.3375 0
99016 0.3375 0
99016 0.21375 0
99016 0.1 0
99016 0.3375 0
99016 0.3375 0
99016 0.0625 0
99016 0.025 0
99016 0.025 0
99016 0.21375 0
99016 0.025 0
98057 0.21375 0
98057 0.1 0
98057 0.025 0
98057 0.21375 0
98057 0.21375 0
98057 0.21375 0
98057 0.15 0
98057 0.3375 0
98057 0.0625 0
98057 0.15 0
98057 0.0625 0
98057 0.3375 0
99163 0.025 0
99163 0.025 0
99163 0.025 0
99163 0.025 0
99163 0.0625 0
99163 0.0625 0
99163 0.21375 0
99163 0.025 0
99163 0.3375 0
99163 0.025 0
99163 0.025 0
99163 0.3375 0
99163 0.1 0
99163 0.025 0
99163 0.025 0
99163 0.3375 0
99163 0.3375 0
99163 0.025 0
99163 0.025 0
99163 0.1 0
99163 0.0625 0
99163 0.025 0
99163 0.1 0
99163 0.025 0
99163 0.025 0
99163 0.21375 0
99163 0.21375 0
99163 0.025 0
99163 0.0625 0
99163 0.3375 0
99163 0.3375 0
99163 0.15 0
99163 0.0625 0
98312 0.3375 0
98312 0.21375 0
98312 0.3375 0
98312 0.3375 0
98312 0.3375 0
98312 0.0625 0
98312 0.025 0
98312 0.21375 0
98312 0.21375 0
98312 0.025 0
98312 0.21375 0
98312 0.0625 0
98312 0.1 0
98312 0.3375 0
98312 0.3375 0
98312 0.3375 0
98312 0.025 0
98312 0.21375 0
98312 0.025 0
98312 0.15 0
98312 0.3375 0
98312 0.025 0
98312 0.21375 0
98312 0.15 0
98312 0.15 0
98312 0.21375 0
98312 0.21375 0
98312 0.15 0
98312 0.3375 0
98312 0.1 0
98312 0.025 0
98333 0.15 0
98333 0.21375 0
98333 0.3375 0
98843 0.15 0
99005 0.15 0
99005 0.3375 0
99005 0.3375 0
99005 0.1 0
99005 0.3375 0
99005 0.21375 0
99005 0.0625 0
99005 0.21375 0
98597 0.21375 0
98597 0.025 0
98597 0.21375 0
98597 0.21375 0
98597 0.1 0
98597 0.15 0
98597 0.21375 0
98597 0.21375 0
98597 0.15 0
98597 0.3375 0
98597 0.3375 0
98597 0.3375 0
98597 0.3375 0
98597 0.025 0
98597 0.15 0
98597 0.21375 0
98597 0.21375 0
98597 0.3375 0
98597 0.3375 0
98597 0.15 0
98597 0.3375 0
98597 0.21375 0
98942 0.21375 0
98942 0.025 0
98942 0.15 0
98942 0.21375 0
98942 0.3375 0
98942 0.21375 0
98942 0.21375 0
98942 0.0625 0
98942 0.025 0
98942 0.21375 0
98942 0.3375 0
98942 0.3375 0
98942 0.3375 0
98942 0.21375 0
98942 0.21375 0
98942 0.1 0
98942 0.0625 0
98230 0.025 0
98230 0.0625 0
98230 0.3375 0
98230 0.1 0
98230 0.025 0
98230 0.3375 0
98230 0.21375 0
98230 0.3375 0
98230 0.21375 0
98230 0.3375 0
98230 0.025 0
98230 0.3375 0
98230 0.21375 0
98230 0.15 0
98230 0.3375 0
98847 0.15 0
98467 0.3375 0
98467 0.3375 0
98467 0.3375 0
98467 0.3375 0
98467 0.15 0
98467 0.3375 0
98467 0.21375 0
98467 0.0625 0
98467 0.1 0
98467 0.1 0
98467 0.15 0
98467 0.3375 0
98467 0.15 0
98467 0.15 0
98467 0.21375 0
98467 0.025 0
98685 0.3375 0
98685 0.3375 0
98685 0.025 0
98685 0.025 0
98685 0.3375 0
98685 0.3375 0
98685 0.3375 0
98685 0.21375 0
98685 0.1 0
98685 0.3375 0
98685 0.025 0
98685 0.0625 0
98685 0.3375 0
98685 0.3375 0
98685 0.3375 0
98685 0.21375 0
98685 0.3375 0
98685 0.3375 0
98685 0.21375 0
98685 0.3375 0
98685 0.15 0
98685 0.3375 0
98685 0.3375 0
98685 0.3375 0
98685 0.3375 0
98685 0.3375 0
98685 0.15 0
98685 0.3375 0
98683 0.3375 0
98683 0.1 0
98683 0.21375 0
98683 0.15 0
98683 0.3375 0
98683 0.3375 0
98683 0.3375 0
98683 0.21375 0
98683 0.15 0
98683 0.3375 0
98683 0.15 0
98683 0.21375 0
98683 0.0625 0
98683 0.3375 0
98683 0.3375 0
98683 0.1 0
98683 0.21375 0
98683 0.21375 0
98683 0.3375 0
98683 0.21375 0
98683 0.21375 0
98683 0.3375 0
98683 0.025 0
98683 0.3375 0
98683 0.3375 0
98683 0.15 0
98683 0.3375 0
98683 0.0625 0
98683 0.21375 0
98683 0.21375 0
98683 0.3375 0
98683 0.21375 0
98683 0.3375 0
98270 0.3375 0
98270 0.21375 0
98270 0.21375 0
98270 0.3375 0
98270 0.3375 0
98270 0.21375 0
98270 0.0625 0
98270 0.3375 0
98270 0.1 0
98270 0.3375 0
98270 0.3375 0
98270 0.21375 0
98270 0.3375 0
98270 0.21375 0
98270 0.21375 0
98270 0.1 0
98270 0.3375 0
98270 0.0625 0
98270 0.3375 0
98270 0.15 0
98270 0.15 0
98270 0.1 0
98270 0.3375 0
98270 0.3375 0
98270 0.0625 0
98270 0.15 0
98270 0.21375 0
98270 0.3375 0
98270 0.15 0
98270 0.15 0
98270 0.21375 0
98270 0.15 0
98270 0.21375 0
98270 0.21375 0
98270 0.025 0
98270 0.15 0
98270 0.15 0
98270 0.1 0
98270 0.1 0
98270 0.3375 0
98270 0.3375 0
98270 0.3375 0
98270 0.21375 0
98270 0.21375 0
98270 0.21375 0
98270 0.3375 0
98270 0.3375 0
98270 0.3375 0
98407 0.3375 0
98407 0.21375 0
98407 0.15 0
98407 0.3375 0
98407 0.3375 0
98407 0.3375 0
98407 0.3375 0
98407 0.15 0
98407 0.1 0
98407 0.0625 0
98407 0.3375 0
98407 0.3375 0
98407 0.3375 0
98407 0.025 0
98407 0.0625 0
98407 0.025 0
98407 0.3375 0
98407 0.3375 0
98407 0.3375 0
98407 0.3375 0
98407 0.025 0
99201 0.025 0
99201 0.025 0
99201 0.1 0
99201 0.3375 0
99201 0.15 0
99201 0.0625 0
99201 0.0625 0
99201 0.0625 0
99201 0.15 0
99201 0.0625 0
99201 0.3375 0
99201 0.21375 0
99201 0.1 0
99223 0.3375 0
99223 0.025 0
99223 0.3375 0
99223 0.1 0
99223 0.15 0
99223 0.1 0
99223 0.15 0
99223 0.025 0
99223 0.15 0
99223 0.3375 0
99223 0.025 0
99223 0.3375 0
99223 0.15 0
99223 0.15 0
99223 0.3375 0
99223 0.3375 0
99223 0.0625 0
99223 0.3375 0
99223 0.3375 0
99223 0.21375 0
99223 0.3375 0
99223 0.3375 0
99223 0.15 0
99223 0.025 0
99223 0.21375 0
99223 0.3375 0
99223 0.1 0
99223 0.3375 0
99223 0.15 0
99223 0.3375 0
99223 0.3375 0
98338 0.15 0
98338 0.21375 0
98338 0.15 0
98338 0.025 0
98338 0.3375 0
98338 0.15 0
98338 0.15 0
98338 0.21375 0
98338 0.3375 0
98338 0.21375 0
98338 0.21375 0
98338 0.3375 0
98338 0.0625 0
98338 0.21375 0
98338 0.025 0
98338 0.21375 0
98338 0.21375 0
98338 0.3375 0
98338 0.15 0
98338 0.21375 0
98338 0.3375 0
98338 0.3375 0
98338 0.3375 0
98338 0.21375 0
98338 0.3375 0
98338 0.21375 0
99026 0.3375 0
99026 0.21375 0
99026 0.0625 0
99026 0.3375 0
99026 0.15 0
99026 0.3375 0
99026 0.0625 0
99026 0.3375 0
99026 0.15 0
99026 0.3375 0
98371 0.1 0
98371 0.025 0
98371 0.3375 0
98371 0.3375 0
98371 0.3375 0
98371 0.21375 0
98371 0.3375 0
98371 0.3375 0
98371 0.3375 0
98371 0.1 0
98371 0.3375 0
98371 0.21375 0
98371 0.3375 0
98371 0.3375 0
98371 0.21375 0
98371 0.3375 0
98371 0.21375 0
98371 0.3375 0
98371 0.3375 0
98371 0.3375 0
98856 0.1 0
98856 0.0625 0
98155 0.3375 0
98155 0.21375 0
98155 0.3375 0
98155 0.3375 0
98155 0.3375 0
98155 0.0625 0
98155 0.3375 0
98155 0.3375 0
98155 0.3375 0
98155 0.21375 0
98155 0.3375 0
98155 0.21375 0
98155 0.3375 0
98155 0.21375 0
98155 0.21375 0
98155 0.3375 0
98155 0.21375 0
98155 0.3375 0
98155 0.3375 0
98155 0.15 0
98155 0.3375 0
98155 0.025 0
98155 0.3375 0
98155 0.15 0
98155 0.025 0
98155 0.3375 0
98155 0.3375 0
98155 0.3375 0
98155 0.3375 0
98155 0.21375 0
98155 0.0625 0
98155 0.3375 0
98155 0.3375 0
98155 0.3375 0
98506 0.0625 0
98506 0.15 0
98506 0.3375 0
98506 0.3375 0
98506 0.3375 0
98506 0.3375 0
98506 0.3375 0
98506 0.21375 0
98506 0.21375 0
98506 0.21375 0
98506 0.025 0
98506 0.1 0
98506 0.3375 0
98506 0.3375 0
98506 0.3375 0
98506 0.21375 0
98506 0.21375 0
98506 0.15 0
98047 0.21375 0
98047 0.025 0
98047 0.15 0
98047 0.21375 0
98047 0.3375 0
98047 0.0625 0
99354 0.21375 0
99354 0.15 0
99354 0.1 0
99354 0.3375 0
99354 0.21375 0
99354 0.15 0
99354 0.15 0
99354 0.3375 0
99354 0.21375 0
99354 0.1 0
99354 0.3375 0
99354 0.3375 0
99354 0.1 0
99354 0.3375 0
99354 0.3375 0
99354 0.0625 0
99354 0.3375 0
99354 0.15 0
99354 0.3375 0
99354 0.1 0
99354 0.3375 0
99354 0.3375 0
98903 0.15 0
98903 0.15 0
98903 0.025 0
98903 0.025 0
98903 0.3375 0
98903 0.15 0
98903 0.3375 0
98903 0.21375 0
98903 0.21375 0
98903 0.15 0
98903 0.15 0
98903 0.21375 0
98903 0.3375 0
98903 0.3375 0
99350 0.3375 0
99350 0.21375 0
99350 0.3375 0
99350 0.3375 0
99350 0.1 0
99350 0.3375 0
99350 0.3375 0
99350 0.21375 0
99350 0.3375 0
99350 0.21375 0
99350 0.1 0
99350 0.15 0
99350 0.15 0
98362 0.15 0
98362 0.3375 0
98362 0.1 0
98362 0.3375 0
98362 0.3375 0
98362 0.15 0
98362 0.3375 0
98362 0.0625 0
98362 0.15 0
98362 0.15 0
98362 0.3375 0
98362 0.3375 0
98362 0.21375 0
98362 0.15 0
98362 0.21375 0
98362 0.15 0
98362 0.15 0
98362 0.0625 0
98362 0.3375 0
98362 0.21375 0
98362 0.21375 0
98362 0.15 0
98362 0.0625 0
98926 0.1 0
98926 0.3375 0
98926 0.15 0
98926 0.15 0
98926 0.21375 0
98926 0.3375 0
98926 0.0625 0
98926 0.15 0
98926 0.0625 0
98926 0.3375 0
98926 0.3375 0
98926 0.15 0
98926 0.1 0
98926 0.15 0
98926 0.025 0
98926 0.1 0
98926 0.21375 0
98926 0.025 0
98926 0.15 0
98926 0.025 0
98926 0.025 0
98926 0.0625 0
98926 0.15 0
98926 0.15 0
98926 0.025 0
98926 0.025 0
98926 0.1 0
98926 0.21375 0
98926 0.025 0
98926 0.21375 0
98926 0.025 0
98072 0.3375 0
98072 0.3375 0
98072 0.3375 0
98072 0.3375 0
98072 0.3375 0
98072 0.21375 0
98072 0.15 0
98072 0.3375 0
98072 0.3375 0
98072 0.3375 0
98072 0.3375 0
98072 0.3375 0
98072 0.025 0
98072 0.21375 0
98072 0.025 0
98072 0.1 0
98072 0.3375 0
98072 0.025 0
98072 0.3375 0
98072 0.3375 0
98072 0.3375 0
98072 0.0625 0
98072 0.3375 0
98237 0.21375 0
98237 0.21375 0
98237 0.1 0
98237 0.3375 0
98240 0.1 0
98240 0.21375 0
98240 0.3375 0
98043 0.21375 0
98043 0.21375 0
98043 0.3375 0
98043 0.15 0
98043 0.3375 0
98043 0.3375 0
98043 0.3375 0
98043 0.15 0
98043 0.3375 0
98043 0.15 0
98043 0.21375 0
98043 0.0625 0
98043 0.1 0
98043 0.21375 0
98043 0.21375 0
98043 0.21375 0
98043 0.15 0
98043 0.3375 0
98043 0.3375 0
98043 0.3375 0
98188 0.21375 0
98188 0.15 0
98188 0.0625 0
98188 0.21375 0
98188 0.21375 0
98188 0.025 0
98188 0.15 0
98188 0.21375 0
98188 0.3375 0
98188 0.3375 0
98188 0.0625 0
98188 0.3375 0
98188 0.1 0
98188 0.1 0
98188 0.0625 0
98188 0.15 0
98188 0.025 0
98188 0.15 0
98188 0.025 0
98188 0.21375 0
98188 0.21375 0
98188 0.025 0
98188 0.025 0
98188 0.15 0
98671 0.21375 0
98671 0.15 0
98671 0.21375 0
98671 0.21375 0
98671 0.3375 0
98671 0.0625 0
98671 0.1 0
98671 0.1 0
98671 0.21375 0
98671 0.21375 0
98671 0.0625 0
98671 0.15 0
98671 0.15 0
98671 0.025 0
98671 0.21375 0
98671 0.21375 0
98671 0.3375 0
98671 0.0625 0
98671 0.0625 0
98671 0.1 0
98671 0.3375 0
98671 0.3375 0
98126 0.3375 0
98126 0.3375 0
98126 0.0625 0
98126 0.21375 0
98126 0.15 0
98126 0.21375 0
98126 0.15 0
98126 0.3375 0
98126 0.21375 0
98126 0.3375 0
98126 0.3375 0
98126 0.3375 0
98126 0.3375 0
98126 0.3375 0
98126 0.3375 0
98126 0.3375 0
98126 0.3375 0
98126 0.3375 0
98126 0.21375 0
98126 0.1 0
98126 0.025 0
98126 0.3375 0
98684 0.21375 0
98684 0.3375 0
98684 0.3375 0
98684 0.21375 0
98684 0.21375 0
98684 0.3375 0
98684 0.21375 0
98684 0.3375 0
98684 0.3375 0
98684 0.21375 0
98684 0.3375 0
98684 0.15 0
98684 0.21375 0
98684 0.3375 0
98684 0.21375 0
98684 0.21375 0
98684 0.3375 0
98684 0.3375 0
98684 0.21375 0
98684 0.21375 0
98684 0.3375 0
98684 0.1 0
98684 0.15 0
98684 0.15 0
98684 0.3375 0
98684 0.025 0
98684 0.3375 0
98045 0.3375 0
98045 0.15 0
98045 0.15 0
98045 0.15 0
98045 0.1 0
98045 0.3375 0
98045 0.3375 0
98045 0.21375 0
98045 0.15 0
98045 0.3375 0
98045 0.3375 0
98045 0.3375 0
98045 0.3375 0
98045 0.21375 0
98664 0.15 0
98664 0.15 0
98664 0.025 0
98664 0.1 0
98664 0.21375 0
98664 0.3375 0
98664 0.1 0
98664 0.21375 0
98664 0.3375 0
98664 0.15 0
98664 0.1 0
98664 0.21375 0
98664 0.3375 0
98664 0.1 0
98664 0.3375 0
98664 0.15 0
98664 0.15 0
98664 0.21375 0
98664 0.15 0
98664 0.3375 0
98664 0.15 0
98664 0.025 0
98104 0.15 0
98104 0.21375 0
98104 0.21375 0
98104 0.025 0
98104 0.15 0
98104 0.1 0
98104 0.025 0
98104 0.21375 0
98104 0.15 0
98104 0.0625 0
98104 0.21375 0
98104 0.3375 0
98104 0.3375 0
98102 0.3375 0
98102 0.3375 0
98102 0.3375 0
98102 0.1 0
98102 0.0625 0
98102 0.3375 0
98102 0.3375 0
98102 0.3375 0
98102 0.1 0
98102 0.3375 0
98102 0.3375 0
98102 0.3375 0
98102 0.3375 0
98102 0.3375 0
98102 0.1 0
98102 0.025 0
98102 0.3375 0
98102 0.3375 0
98102 0.025 0
98102 0.21375 0
98102 0.025 0
98102 0.3375 0
98102 0.3375 0
98102 0.3375 0
99202 0.025 0
99202 0.15 0
99202 0.025 0
99202 0.1 0
99202 0.21375 0
99202 0.0625 0
99202 0.15 0
99202 0.15 0
99202 0.0625 0
99202 0.15 0
99202 0.15 0
99202 0.025 0
99202 0.3375 0
99202 0.3375 0
99202 0.3375 0
99202 0.025 0
99202 0.3375 0
99202 0.21375 0
99202 0.15 0
98133 0.0625 0
98133 0.3375 0
98133 0.3375 0
98133 0.0625 0
98133 0.025 0
98133 0.15 0
98133 0.1 0
98133 0.3375 0
98133 0.21375 0
98133 0.3375 0
98133 0.3375 0
98133 0.1 0
98133 0.025 0
98133 0.025 0
98133 0.15 0
98133 0.1 0
98133 0.15 0
98133 0.1 0
98133 0.21375 0
98133 0.3375 0
98133 0.15 0
98133 0.3375 0
98133 0.21375 0
98133 0.025 0
98133 0.0625 0
98133 0.025 0
98133 0.0625 0
98133 0.15 0
98133 0.0625 0
98133 0.3375 0
98133 0.025 0
98133 0.15 0
98133 0.3375 0
98133 0.3375 0
98133 0.3375 0
98133 0.3375 0
98133 0.3375 0
98133 0.1 0
98133 0.025 0
98133 0.3375 0
98133 0.3375 0
98133 0.21375 0
98133 0.3375 0
98133 0.3375 0
98133 0.3375 0
98133 0.1 0
98133 0.3375 0
98665 0.21375 0
98665 0.0625 0
98665 0.21375 0
98665 0.15 0
98665 0.3375 0
98665 0.3375 0
98665 0.3375 0
98665 0.1 0
98665 0.3375 0
98665 0.3375 0
98665 0.15 0
98665 0.15 0
98665 0.1 0
98665 0.21375 0
98665 0.21375 0
98665 0.025 0
98665 0.025 0
98665 0.21375 0
98665 0.21375 0
98665 0.1 0
98665 0.15 0
98665 0.21375 0
98665 0.025 0
98665 0.21375 0
98665 0.3375 0
98665 0.15 0
98802 0.15 0
98802 0.3375 0
98802 0.025 0
98802 0.3375 0
98802 0.21375 0
98802 0.025 0
98802 0.21375 0
98802 0.3375 0
98802 0.1 0
98802 0.3375 0
98802 0.15 0
98802 0.3375 0
98802 0.1 0
98802 0.3375 0
98802 0.21375 0
98802 0.3375 0
98802 0.3375 0
98802 0.3375 0
98802 0.0625 0
98802 0.1 0
98802 0.025 0
98802 0.3375 0
98802 0.3375 0
98802 0.21375 0
98802 0.3375 0
98802 0.1 0
98802 0.3375 0
98802 0.3375 0
98802 0.1 0
98146 0.3375 0
98146 0.3375 0
98146 0.025 0
98146 0.21375 0
98146 0.3375 0
98146 0.3375 0
98146 0.21375 0
98146 0.21375 0
98146 0.0625 0
98146 0.3375 0
98146 0.21375 0
98146 0.1 0
98146 0.1 0
98146 0.1 0
98146 0.3375 0
98146 0.1 0
98146 0.1 0
98146 0.3375 0
98146 0.15 0
98146 0.1 0
98146 0.3375 0
98146 0.15 0
98146 0.1 0
98146 0.15 0
98146 0.0625 0
98146 0.3375 0
98146 0.3375 0
98178 0.0625 0
98178 0.1 0
98178 0.3375 0
98178 0.15 0
98178 0.15 0
98178 0.0625 0
98178 0.3375 0
98178 0.0625 0
98178 0.025 0
98178 0.21375 0
98178 0.0625 0
98178 0.3375 0
98178 0.21375 0
98178 0.3375 0
98178 0.3375 0
98178 0.3375 0
98178 0.025 0
98178 0.3375 0
98178 0.3375 0
98178 0.21375 0
98178 0.21375 0
98178 0.15 0
98178 0.3375 0
98178 0.3375 0
98178 0.15 0
98178 0.3375 0
98661 0.1 0
98661 0.0625 0
98661 0.15 0
98661 0.0625 0
98661 0.3375 0
98661 0.15 0
98661 0.21375 0
98661 0.3375 0
98661 0.0625 0
98661 0.21375 0
98661 0.21375 0
98661 0.15 0
98661 0.0625 0
98661 0.0625 0
98661 0.1 0
98661 0.3375 0
98661 0.3375 0
98661 0.025 0
98661 0.21375 0
98661 0.21375 0
98661 0.1 0
98661 0.15 0
98661 0.3375 0
98661 0.21375 0
98661 0.1 0
98661 0.21375 0
98661 0.3375 0
98661 0.025 0
98661 0.21375 0
98661 0.21375 0
98661 0.0625 0
98661 0.0625 0
98661 0.3375 0
98661 0.21375 0
98661 0.025 0
98661 0.1 0
98661 0.3375 0
98661 0.1 0
98661 0.0625 0
98661 0.1 0
98661 0.0625 0
98661 0.15 0
98661 0.21375 0
98661 0.3375 0
98902 0.0625 0
98902 0.1 0
98902 0.3375 0
98902 0.15 0
98902 0.21375 0
98902 0.025 0
98902 0.025 0
98902 0.21375 0
98902 0.21375 0
98902 0.15 0
98902 0.3375 0
98902 0.3375 0
98902 0.1 0
98902 0.025 0
98902 0.3375 0
98902 0.1 0
98902 0.0625 0
98902 0.0625 0
98902 0.21375 0
98902 0.21375 0
98902 0.1 0
98902 0.0625 0
98902 0.1 0
98902 0.1 0
98902 0.3375 0
98902 0.1 0
98902 0.0625 0
98902 0.21375 0
98902 0.1 0
98902 0.0625 0
98902 0.21375 0
98902 0.21375 0
98902 0.025 0
98902 0.1 0
98902 0.0625 0
98902 0.15 0
98902 0.025 0
98902 0.15 0
98902 0.21375 0
98902 0.15 0
98902 0.025 0
98902 0.025 0
98902 0.21375 0
98902 0.3375 0
98902 0.025 0
98902 0.1 0
98203 0.0625 0
98203 0.21375 0
98203 0.15 0
98203 0.3375 0
98203 0.3375 0
98203 0.21375 0
98203 0.3375 0
98203 0.3375 0
98203 0.3375 0
98203 0.21375 0
98203 0.21375 0
98203 0.3375 0
98203 0.21375 0
98203 0.21375 0
98203 0.21375 0
98203 0.3375 0
98203 0.3375 0
98203 0.21375 0
98203 0.21375 0
98203 0.025 0
98203 0.025 0
98203 0.0625 0
98203 0.3375 0
98203 0.025 0
98203 0.3375 0
98203 0.21375 0
98203 0.0625 0
98203 0.025 0
98203 0.21375 0
98203 0.3375 0
98203 0.1 0
98203 0.3375 0
98203 0.3375 0
98203 0.3375 0
98058 0.0625 0
98058 0.3375 0
98058 0.3375 0
98058 0.3375 0
98058 0.3375 0
98058 0.0625 0
98058 0.3375 0
98058 0.3375 0
98058 0.21375 0
98058 0.21375 0
98058 0.15 0
98058 0.15 0
98058 0.3375 0
98058 0.3375 0
98058 0.3375 0
98058 0.3375 0
98058 0.3375 0
98058 0.21375 0
98058 0.3375 0
98058 0.15 0
98058 0.3375 0
98058 0.21375 0
98058 0.15 0
98058 0.3375 0
98058 0.15 0
98058 0.3375 0
98058 0.3375 0
98058 0.025 0
98058 0.21375 0
98058 0.3375 0
98058 0.15 0
98058 0.21375 0
98058 0.3375 0
98058 0.3375 0
98058 0.3375 0
98058 0.3375 0
98058 0.3375 0
98058 0.3375 0
98058 0.3375 0
98058 0.15 0
98058 0.3375 0
98058 0.3375 0
98058 0.3375 0
98204 0.21375 0
98204 0.3375 0
98204 0.0625 0
98204 0.025 0
98204 0.21375 0
98204 0.3375 0
98204 0.3375 0
98204 0.1 0
98204 0.3375 0
98204 0.025 0
98204 0.3375 0
98204 0.0625 0
98204 0.025 0
98204 0.0625 0
98204 0.21375 0
98204 0.3375 0
98204 0.0625 0
98204 0.3375 0
98204 0.1 0
98204 0.21375 0
98204 0.3375 0
98204 0.0625 0
98204 0.3375 0
98204 0.21375 0
98204 0.15 0
98204 0.3375 0
98204 0.21375 0
98204 0.1 0
98204 0.025 0
98204 0.15 0
98204 0.3375 0
98204 0.3375 0
98204 0.21375 0
98204 0.21375 0
98204 0.21375 0
98204 0.0625 0
98204 0.3375 0
98204 0.3375 0
98204 0.21375 0
98204 0.21375 0
98204 0.1 0
98030 0.15 0
98030 0.0625 0
98030 0.3375 0
98030 0.3375 0
98030 0.3375 0
98030 0.0625 0
98030 0.0625 0
98030 0.21375 0
98030 0.025 0
98030 0.025 0
98030 0.21375 0
98030 0.15 0
98030 0.0625 0
98030 0.21375 0
98030 0.1 0
98030 0.3375 0
98030 0.21375 0
98030 0.21375 0
98030 0.21375 0
98030 0.3375 0
98030 0.3375 0
98030 0.1 0
98030 0.15 0
98030 0.3375 0
98030 0.1 0
98030 0.3375 0
98030 0.15 0
98030 0.0625 0
98030 0.025 0
98030 0.3375 0
98030 0.21375 0
98030 0.3375 0
98030 0.3375 0
98030 0.025 0
98030 0.0625 0
98030 0.3375 0
98030 0.21375 0
98027 0.3375 0
98027 0.15 0
98027 0.025 0
98027 0.3375 0
98027 0.3375 0
98027 0.3375 0
98027 0.025 0
98027 0.3375 0
98027 0.3375 0
98027 0.3375 0
98027 0.3375 0
98027 0.3375 0
98027 0.1 0
98027 0.3375 0
98027 0.3375 0
98027 0.3375 0
98027 0.3375 0
98027 0.0625 0
98027 0.15 0
98027 0.3375 0
98027 0.3375 0
98027 0.15 0
98027 0.1 0
98027 0.3375 0
98027 0.21375 0
98027 0.3375 0
98027 0.3375 0
98027 0.025 0
98826 0.15 0
98826 0.025 0
98826 0.0625 0
98826 0.15 0
98826 0.025 0
98826 0.025 0
98026 0.0625 0
98026 0.3375 0
98026 0.3375 0
98026 0.3375 0
98026 0.3375 0
98026 0.21375 0
98026 0.3375 0
98026 0.21375 0
98026 0.3375 0
98026 0.0625 0
98026 0.21375 0
98026 0.3375 0
98026 0.15 0
98026 0.025 0
98026 0.3375 0
98026 0.15 0
98026 0.3375 0
98026 0.15 0
98026 0.21375 0
98026 0.21375 0
98026 0.3375 0
98026 0.3375 0
98026 0.3375 0
98026 0.1 0
98026 0.3375 0
98026 0.3375 0
98026 0.0625 0
98026 0.0625 0
98026 0.15 0
98026 0.3375 0
98026 0.21375 0
98026 0.0625 0
98026 0.15 0
98026 0.3375 0
98026 0.15 0
98026 0.3375 0
98148 0.025 0
98148 0.3375 0
98148 0.3375 0
98148 0.15 0
98148 0.3375 0
98148 0.15 0
98148 0.3375 0
98148 0.21375 0
98148 0.0625 0
98148 0.15 0
98148 0.3375 0
98815 0.3375 0
98815 0.0625 0
98815 0.15 0
98815 0.0625 0
98815 0.21375 0
98815 0.21375 0
98815 0.3375 0
98953 0.3375 0
98953 0.3375 0
98953 0.21375 0
98953 0.15 0
98953 0.15 0
98953 0.21375 0
98922 0.3375 0
98922 0.21375 0
98922 0.025 0
98922 0.21375 0
98922 0.3375 0
99004 0.3375 0
99004 0.025 0
99004 0.1 0
99004 0.15 0
99004 0.15 0
99004 0.21375 0
99004 0.15 0
99004 0.3375 0
99004 0.1 0
99004 0.3375 0
99004 0.0625 0
99004 0.3375 0
99004 0.025 0
99004 0.15 0
99004 0.21375 0
99004 0.0625 0
99004 0.0625 0
99004 0.21375 0
99004 0.0625 0
98686 0.3375 0
98686 0.3375 0
98686 0.15 0
98686 0.21375 0
98686 0.3375 0
98686 0.3375 0
98686 0.21375 0
98686 0.3375 0
98686 0.21375 0
98686 0.21375 0
98686 0.1 0
98686 0.3375 0
98686 0.3375 0
98686 0.0625 0
98686 0.21375 0
98686 0.3375 0
98686 0.3375 0
98686 0.3375 0
98686 0.21375 0
98841 0.3375 0
98841 0.025 0
98841 0.025 0
98841 0.025 0
98841 0.3375 0
98841 0.3375 0
98841 0.21375 0
98841 0.21375 0
98424 0.3375 0
98424 0.21375 0
98424 0.3375 0
98424 0.3375 0
98424 0.1 0
98424 0.3375 0
98424 0.21375 0
98424 0.3375 0
98424 0.15 0
98424 0.15 0
99203 0.21375 0
99203 0.3375 0
99203 0.21375 0
99203 0.15 0
99203 0.21375 0
99203 0.3375 0
99203 0.3375 0
99203 0.3375 0
99203 0.3375 0
99203 0.21375 0
99203 0.025 0
99203 0.1 0
99203 0.3375 0
99203 0.3375 0
99203 0.15 0
99203 0.21375 0
99203 0.21375 0
99203 0.3375 0
99203 0.15 0
99203 0.3375 0
98531 0.025 0
98531 0.025 0
98531 0.3375 0
98531 0.1 0
98531 0.21375 0
98531 0.0625 0
98531 0.3375 0
98531 0.025 0
98531 0.025 0
98531 0.3375 0
98531 0.15 0
98531 0.025 0
98531 0.1 0
98531 0.0625 0
98531 0.3375 0
98531 0.21375 0
98531 0.1 0
98531 0.3375 0
98531 0.15 0
98531 0.025 0
98531 0.3375 0
98531 0.025 0
98531 0.1 0
98531 0.21375 0
98531 0.1 0
98014 0.3375 0
98014 0.3375 0
98014 0.3375 0
98014 0.3375 0
98014 0.15 0
98014 0.1 0
98328 0.3375 0
98328 0.3375 0
98328 0.3375 0
98328 0.21375 0
98328 0.0625 0
98328 0.3375 0
98328 0.025 0
98328 0.21375 0
98328 0.21375 0
98332 0.3375 0
98332 0.3375 0
98332 0.3375 0
98332 0.3375 0
98332 0.3375 0
98332 0.3375 0
98332 0.3375 0
98332 0.0625 0
98332 0.15 0
98332 0.21375 0
98332 0.3375 0
98332 0.3375 0
98332 0.3375 0
98332 0.15 0
98332 0.025 0
98332 0.15 0
98332 0.3375 0
99353 0.3375 0
99353 0.3375 0
99353 0.3375 0
99353 0.3375 0
99353 0.21375 0
99353 0.15 0
99353 0.3375 0
99353 0.3375 0
99353 0.3375 0
99353 0.1 0
99353 0.3375 0
99353 0.21375 0
99353 0.21375 0
99353 0.3375 0
98335 0.15 0
98335 0.3375 0
98335 0.3375 0
98335 0.3375 0
98335 0.3375 0
98335 0.3375 0
98335 0.3375 0
98335 0.3375 0
98335 0.0625 0
98335 0.3375 0
98335 0.21375 0
98335 0.3375 0
98335 0.21375 0
98335 0.0625 0
98335 0.3375 0
98335 0.0625 0
98335 0.3375 0
98335 0.3375 0
98335 0.3375 0
98335 0.3375 0
98335 0.3375 0
98335 0.3375 0
98335 0.3375 0
98335 0.3375 0
98335 0.21375 0
98584 0.21375 0
98584 0.0625 0
98584 0.15 0
98584 0.025 0
98584 0.1 0
98584 0.0625 0
98584 0.0625 0
98584 0.3375 0
98584 0.1 0
98584 0.0625 0
98584 0.3375 0
98584 0.025 0
98584 0.3375 0
98584 0.3375 0
98584 0.21375 0
98584 0.0625 0
98584 0.0625 0
98584 0.15 0
98584 0.3375 0
98584 0.15 0
98584 0.21375 0
98584 0.15 0
98584 0.1 0
98584 0.21375 0
98584 0.15 0
98584 0.21375 0
98584 0.0625 0
98584 0.21375 0
98584 0.1 0
98584 0.0625 0
98584 0.1 0
98584 0.3375 0
98584 0.025 0
98584 0.0625 0
98584 0.1 0
98584 0.0625 0
98340 0.3375 0
98340 0.21375 0
98340 0.3375 0
98248 0.3375 0
98248 0.21375 0
98248 0.025 0
98248 0.3375 0
98248 0.1 0
98248 0.3375 0
98248 0.025 0
98248 0.0625 0
98248 0.3375 0
98248 0.3375 0
98248 0.1 0
98248 0.1 0
98248 0.3375 0
98248 0.1 0
98248 0.3375 0
98248 0.1 0
98248 0.3375 0
98248 0.025 0
98248 0.21375 0
98248 0.3375 0
98248 0.1 0
98248 0.3375 0
98248 0.3375 0
98604 0.3375 0
98604 0.21375 0
98604 0.15 0
98604 0.15 0
98604 0.21375 0
98604 0.3375 0
98604 0.3375 0
98604 0.21375 0
98604 0.15 0
98604 0.3375 0
98604 0.025 0
98604 0.3375 0
98604 0.21375 0
98604 0.3375 0
98604 0.3375 0
98604 0.3375 0
98604 0.3375 0
98604 0.3375 0
98604 0.3375 0
98604 0.3375 0
98604 0.3375 0
98604 0.3375 0
98604 0.3375 0
98604 0.21375 0
98604 0.15 0
98604 0.3375 0
98604 0.21375 0
98604 0.1 0
98604 0.3375 0
98604 0.3375 0
98604 0.21375 0
98604 0.025 0
98604 0.3375 0
98604 0.3375 0
98604 0.15 0
98392 0.21375 0
98392 0.025 0
98392 0.3375 0
98349 0.21375 0
98349 0.025 0
98349 0.21375 0
98349 0.3375 0
98569 0.025 0
98569 0.025 0
98569 0.3375 0
98569 0.21375 0
98569 0.3375 0
98569 0.3375 0
98366 0.3375 0
98366 0.3375 0
98366 0.3375 0
98366 0.21375 0
98366 0.21375 0
98366 0.15 0
98366 0.15 0
98366 0.3375 0
98366 0.21375 0
98366 0.21375 0
98366 0.21375 0
98366 0.21375 0
98366 0.3375 0
98366 0.15 0
98366 0.3375 0
98366 0.025 0
98366 0.3375 0
98366 0.0625 0
98366 0.025 0
98366 0.21375 0
98366 0.3375 0
98366 0.1 0
98366 0.0625 0
98366 0.15 0
98366 0.3375 0
98366 0.21375 0
98366 0.1 0
98366 0.3375 0
98366 0.3375 0
98366 0.15 0
98366 0.15 0
98366 0.3375 0
99336 0.3375 0
99336 0.0625 0
99336 0.0625 0
99336 0.3375 0
99336 0.025 0
99336 0.0625 0
99336 0.15 0
99336 0.15 0
99336 0.3375 0
99336 0.15 0
99336 0.0625 0
99336 0.15 0
99336 0.025 0
99336 0.025 0
99336 0.15 0
99336 0.0625 0
99336 0.15 0
99336 0.0625 0
99336 0.1 0
99336 0.1 0
99336 0.0625 0
99336 0.15 0
99336 0.21375 0
99336 0.1 0
99336 0.21375 0
99336 0.3375 0
99336 0.21375 0
99336 0.21375 0
99336 0.21375 0
99336 0.3375 0
99336 0.025 0
99336 0.15 0
99336 0.025 0
99336 0.0625 0
99336 0.21375 0
99336 0.3375 0
99336 0.025 0
99336 0.1 0
99336 0.3375 0
99336 0.3375 0
99336 0.15 0
99336 0.21375 0
99336 0.1 0
99336 0.1 0
99336 0.0625 0
99336 0.1 0
99336 0.1 0
99336 0.1 0
99336 0.3375 0
99336 0.3375 0
98372 0.21375 0
98372 0.15 0
98372 0.3375 0
98372 0.1 0
98372 0.21375 0
98372 0.15 0
98372 0.025 0
98372 0.3375 0
98372 0.15 0
98372 0.1 0
98372 0.15 0
98372 0.3375 0
98372 0.21375 0
98372 0.21375 0
98372 0.0625 0
98372 0.15 0
98372 0.15 0
98372 0.3375 0
98372 0.3375 0
98372 0.025 0
98372 0.1 0
98372 0.3375 0
98372 0.21375 0
98372 0.3375 0
98390 0.3375 0
98390 0.3375 0
98390 0.21375 0
98390 0.3375 0
98390 0.025 0
98390 0.3375 0
98390 0.3375 0
98390 0.15 0
98390 0.1 0
98390 0.3375 0
98374 0.025 0
98374 0.3375 0
98374 0.21375 0
98374 0.3375 0
98374 0.3375 0
98374 0.3375 0
98374 0.1 0
98374 0.3375 0
98374 0.3375 0
98374 0.1 0
98374 0.025 0
98374 0.3375 0
98374 0.3375 0
98374 0.0625 0
98374 0.1 0
98374 0.3375 0
98374 0.3375 0
98374 0.025 0
98374 0.3375 0
98374 0.025 0
98374 0.3375 0
98374 0.3375 0
98374 0.21375 0
98374 0.3375 0
98374 0.21375 0
98374 0.3375 0
98374 0.21375 0
98374 0.3375 0
98374 0.21375 0
98374 0.3375 0
98374 0.0625 0
98374 0.1 0
98374 0.3375 0
98374 0.15 0
98374 0.3375 0
98374 0.0625 0
98374 0.3375 0
98374 0.3375 0
98546 0.0625 0
98546 0.0625 0
98546 0.0625 0
98382 0.21375 0
98382 0.3375 0
98382 0.0625 0
98382 0.1 0
98382 0.3375 0
98382 0.3375 0
98382 0.15 0
98382 0.3375 0
98382 0.3375 0
98382 0.1 0
98382 0.025 0
98382 0.0625 0
98382 0.1 0
98382 0.1 0
98382 0.0625 0
98382 0.025 0
98382 0.3375 0
98382 0.3375 0
98382 0.21375 0
98382 0.025 0
98382 0.1 0
98382 0.3375 0
98382 0.3375 0
98382 0.1 0
98382 0.025 0
98382 0.3375 0
98382 0.1 0
98579 0.21375 0
98579 0.21375 0
98579 0.025 0
98579 0.21375 0
98579 0.3375 0
98579 0.025 0
98579 0.21375 0
98579 0.3375 0
98579 0.025 0
98579 0.21375 0
98579 0.15 0
98579 0.15 0
98579 0.21375 0
98405 0.21375 0
98405 0.3375 0
98405 0.21375 0
98405 0.3375 0
98405 0.3375 0
98405 0.21375 0
98405 0.21375 0
98405 0.1 0
98405 0.1 0
98405 0.025 0
98405 0.3375 0
98405 0.3375 0
98405 0.025 0
98405 0.15 0
98405 0.3375 0
98405 0.21375 0
98405 0.0625 0
98405 0.1 0
98405 0.3375 0
98405 0.025 0
98405 0.0625 0
98405 0.1 0
98405 0.21375 0
98405 0.21375 0
98311 0.3375 0
98311 0.0625 0
98311 0.21375 0
98311 0.0625 0
98311 0.3375 0
98311 0.3375 0
98311 0.15 0
98311 0.21375 0
98311 0.3375 0
98311 0.3375 0
98311 0.21375 0
98311 0.3375 0
98311 0.15 0
98311 0.21375 0
98311 0.15 0
98311 0.3375 0
98311 0.3375 0
98311 0.3375 0
98311 0.15 0
98311 0.3375 0
98311 0.3375 0
98311 0.3375 0
98311 0.3375 0
98311 0.3375 0
98311 0.15 0
98311 0.15 0
98311 0.3375 0
99344 0.21375 0
99344 0.025 0
99344 0.15 0
99344 0.3375 0
99344 0.3375 0
99344 0.3375 0
99344 0.3375 0
99344 0.3375 0
99344 0.3375 0
99344 0.0625 0
99344 0.21375 0
99344 0.15 0
99344 0.21375 0
99344 0.15 0
99344 0.1 0
99344 0.15 0
99344 0.3375 0
99212 0.21375 0
99212 0.3375 0
99212 0.0625 0
99212 0.3375 0
99212 0.1 0
99212 0.15 0
99212 0.0625 0
99212 0.3375 0
99212 0.3375 0
99212 0.0625 0
99212 0.15 0
99212 0.3375 0
99212 0.0625 0
99212 0.15 0
99212 0.15 0
99212 0.15 0
99212 0.3375 0
99212 0.3375 0
99212 0.0625 0
98629 0.3375 0
98629 0.3375 0
98629 0.3375 0
98629 0.3375 0
98629 0.21375 0
98629 0.21375 0
98629 0.3375 0
98629 0.21375 0
98274 0.3375 0
98274 0.3375 0
98274 0.1 0
98274 0.15 0
98274 0.21375 0
98274 0.3375 0
98274 0.025 0
98274 0.025 0
98274 0.025 0
98274 0.15 0
98274 0.1 0
98274 0.1 0
98274 0.21375 0
98274 0.3375 0
98274 0.21375 0
98274 0.0625 0
98274 0.0625 0
98271 0.21375 0
98271 0.21375 0
98271 0.3375 0
98271 0.3375 0
98271 0.0625 0
98271 0.1 0
98271 0.21375 0
98271 0.3375 0
98271 0.21375 0
98271 0.3375 0
98271 0.025 0
98271 0.0625 0
98271 0.1 0
98271 0.3375 0
98271 0.21375 0
98271 0.21375 0
98271 0.3375 0
98271 0.21375 0
98271 0.3375 0
98271 0.21375 0
98271 0.3375 0
98271 0.21375 0
98271 0.21375 0
98271 0.15 0
98271 0.0625 0
98271 0.3375 0
98271 0.15 0
98271 0.15 0
98625 0.3375 0
98625 0.3375 0
98625 0.3375 0
98625 0.0625 0
98625 0.025 0
98625 0.15 0
98275 0.3375 0
98275 0.21375 0
98275 0.3375 0
98275 0.3375 0
98275 0.3375 0
98275 0.3375 0
98275 0.15 0
98275 0.3375 0
98275 0.21375 0
98275 0.21375 0
98275 0.025 0
98275 0.0625 0
98275 0.3375 0
98275 0.3375 0
98275 0.15 0
98275 0.3375 0
98275 0.3375 0
98275 0.3375 0
98275 0.3375 0
98275 0.3375 0
98640 0.15 0
98640 0.3375 0
98640 0.0625 0
98632 0.0625 0
98632 0.15 0
98632 0.3375 0
98632 0.1 0
98632 0.0625 0
98632 0.15 0
98632 0.3375 0
98632 0.21375 0
98632 0.21375 0
98632 0.1 0
98632 0.0625 0
98632 0.0625 0
98632 0.15 0
98632 0.0625 0
98632 0.3375 0
98632 0.3375 0
98632 0.1 0
98632 0.0625 0
98632 0.15 0
98632 0.21375 0
98632 0.0625 0
98632 0.21375 0
98632 0.025 0
98632 0.1 0
98632 0.15 0
98632 0.21375 0
98632 0.025 0
98632 0.0625 0
98632 0.3375 0
98632 0.3375 0
98632 0.025 0
98632 0.3375 0
98632 0.21375 0
98632 0.15 0
98632 0.3375 0
98632 0.025 0
98632 0.1 0
98632 0.3375 0
98632 0.3375 0
98632 0.15 0
98632 0.025 0
98632 0.21375 0
98632 0.3375 0
98632 0.3375 0
98632 0.0625 0
98632 0.025 0
98632 0.1 0
98632 0.21375 0
98284 0.21375 0
98284 0.3375 0
98284 0.3375 0
98284 0.3375 0
98284 0.15 0
98284 0.21375 0
98284 0.15 0
98284 0.15 0
98284 0.3375 0
98284 0.21375 0
98284 0.15 0
98284 0.3375 0
98284 0.15 0
98284 0.3375 0
98284 0.21375 0
98284 0.3375 0
98284 0.15 0
98284 0.21375 0
98284 0.0625 0
98284 0.21375 0
98284 0.21375 0
98284 0.3375 0
98284 0.15 0
98284 0.1 0
98284 0.0625 0
98282 0.3375 0
98282 0.21375 0
98282 0.025 0
98282 0.1 0
98282 0.1 0
98282 0.15 0
98282 0.21375 0
98282 0.3375 0
98282 0.21375 0
98282 0.0625 0
98282 0.15 0
98282 0.21375 0
98282 0.3375 0
98282 0.15 0
98282 0.21375 0
99218 0.0625 0
99218 0.1 0
99218 0.3375 0
99218 0.0625 0
99218 0.15 0
99218 0.3375 0
99218 0.3375 0
99218 0.3375 0
99218 0.15 0
99218 0.3375 0
99218 0.1 0
99218 0.3375 0
99218 0.1 0
99218 0.3375 0
99218 0.3375 0
99218 0.1 0
98292 0.3375 0
98292 0.3375 0
98292 0.3375 0
98292 0.15 0
98292 0.3375 0
98292 0.15 0
98292 0.21375 0
98292 0.025 0
98292 0.0625 0
98292 0.3375 0
98292 0.3375 0
98292 0.21375 0
98292 0.3375 0
98292 0.21375 0
98292 0.3375 0
98292 0.025 0
98292 0.3375 0
98292 0.3375 0
98292 0.3375 0
98292 0.15 0
98292 0.3375 0
98092 0.21375 0
98092 0.3375 0
98092 0.3375 0
98092 0.1 0
98092 0.025 0
98092 0.3375 0
98092 0.15 0
98092 0.3375 0
98092 0.3375 0
98092 0.3375 0
98092 0.21375 0
98092 0.15 0
98092 0.21375 0
98092 0.15 0
98092 0.025 0
98092 0.15 0
98092 0.3375 0
98092 0.15 0
98092 0.3375 0
98092 0.3375 0
98092 0.1 0
98092 0.3375 0
98092 0.21375 0
98092 0.0625 0
98092 0.3375 0
98092 0.3375 0
98092 0.3375 0
98092 0.0625 0
98092 0.025 0
98092 0.21375 0
98092 0.15 0
98092 0.3375 0
98092 0.3375 0
98092 0.21375 0
98092 0.21375 0
98092 0.21375 0
98092 0.21375 0
98092 0.15 0
98092 0.3375 0
98092 0.3375 0
98092 0.0625 0
98092 0.025 0
98092 0.3375 0
98612 0.1 0
98612 0.15 0
99205 0.3375 0
99205 0.15 0
99205 0.15 0
99205 0.15 0
99205 0.0625 0
99205 0.15 0
99205 0.025 0
99205 0.15 0
99205 0.21375 0
99205 0.21375 0
99205 0.3375 0
99205 0.21375 0
99205 0.3375 0
99205 0.0625 0
99205 0.1 0
99205 0.0625 0
99205 0.21375 0
99205 0.3375 0
99205 0.0625 0
99205 0.21375 0
99205 0.21375 0
99205 0.3375 0
99205 0.025 0
99205 0.3375 0
99205 0.15 0
99205 0.3375 0
99205 0.1 0
99205 0.3375 0
99205 0.0625 0
99205 0.3375 0
99205 0.0625 0
99205 0.3375 0
99205 0.15 0
99205 0.3375 0
99205 0.21375 0
99205 0.15 0
99205 0.21375 0
99205 0.0625 0
99205 0.3375 0
99205 0.025 0
99205 0.0625 0
99205 0.3375 0
99205 0.0625 0
98294 0.21375 0
98294 0.3375 0
98294 0.3375 0
98294 0.15 0
98294 0.21375 0
98294 0.21375 0
98418 0.21375 0
98418 0.025 0
98418 0.3375 0
98418 0.3375 0
98418 0.1 0
98418 0.15 0
98418 0.025 0
98418 0.15 0
98418 0.3375 0
98444 0.025 0
98444 0.15 0
98444 0.025 0
98444 0.1 0
98444 0.025 0
98444 0.0625 0
98444 0.3375 0
98444 0.21375 0
98444 0.0625 0
98444 0.1 0
98444 0.21375 0
98444 0.15 0
98444 0.0625 0
98444 0.025 0
98444 0.1 0
98444 0.1 0
98444 0.0625 0
98444 0.21375 0
98444 0.3375 0
98444 0.15 0
98444 0.025 0
98444 0.025 0
98444 0.025 0
98444 0.025 0
98444 0.1 0
98444 0.21375 0
98444 0.1 0
98444 0.3375 0
98444 0.15 0
98444 0.15 0
98444 0.21375 0
98444 0.15 0
98444 0.21375 0
98444 0.15 0
98409 0.3375 0
98409 0.025 0
98409 0.3375 0
98409 0.21375 0
98409 0.15 0
98409 0.0625 0
98409 0.3375 0
98409 0.21375 0
98409 0.21375 0
98409 0.21375 0
98409 0.21375 0
98409 0.21375 0
98409 0.3375 0
98409 0.0625 0
98409 0.3375 0
98409 0.025 0
98409 0.21375 0
98409 0.0625 0
98409 0.21375 0
98409 0.15 0
98409 0.025 0
98409 0.025 0
98409 0.15 0
98006 0.025 0
98006 0.3375 0
98006 0.3375 0
98006 0.1 0
98006 0.3375 0
98006 0.3375 0
98006 0.3375 0
98006 0.3375 0
98006 0.3375 0
98006 0.3375 0
98006 0.3375 0
98006 0.21375 0
98006 0.21375 0
98006 0.0625 0
98006 0.3375 0
98006 0.3375 0
98006 0.21375 0
98006 0.21375 0
98006 0.15 0
98006 0.3375 0
98006 0.21375 0
98006 0.3375 0
98006 0.3375 0
98006 0.0625 0
98006 0.1 0
98006 0.3375 0
98006 0.3375 0
98006 0.3375 0
98006 0.1 0
98006 0.0625 0
98006 0.0625 0
98006 0.15 0
98006 0.1 0
98006 0.3375 0
98006 0.3375 0
98006 0.3375 0
98006 0.21375 0
98052 0.3375 0
98052 0.3375 0
98052 0.21375 0
98052 0.3375 0
98052 0.3375 0
98052 0.3375 0
98052 0.3375 0
98052 0.3375 0
98052 0.0625 0
98052 0.3375 0
98052 0.0625 0
98052 0.21375 0
98052 0.3375 0
98052 0.21375 0
98052 0.15 0
98052 0.3375 0
98052 0.1 0
98052 0.3375 0
98052 0.21375 0
98052 0.15 0
98052 0.3375 0
98052 0.0625 0
98052 0.3375 0
98052 0.3375 0
98052 0.3375 0
98052 0.3375 0
98052 0.3375 0
98052 0.3375 0
98052 0.21375 0
98052 0.15 0
98052 0.1 0
98052 0.3375 0
98052 0.3375 0
98052 0.3375 0
98052 0.3375 0
98052 0.3375 0
98052 0.3375 0
98052 0.3375 0
98052 0.3375 0
98052 0.3375 0
98052 0.21375 0
98052 0.15 0
98052 0.15 0
98052 0.3375 0
98052 0.3375 0
98052 0.1 0
98052 0.025 0
98052 0.3375 0
98052 0.3375 0
98052 0.3375 0
98052 0.3375 0
98052 0.15 0
98052 0.3375 0
98052 0.3375 0
98052 0.3375 0
98052 0.21375 0
98052 0.21375 0
98052 0.1 0
98052 0.15 0
98052 0.1 0
98052 0.3375 0
98052 0.3375 0
98052 0.3375 0
98087 0.1 0
98087 0.21375 0
98087 0.3375 0
98087 0.3375 0
98087 0.21375 0
98087 0.3375 0
98087 0.025 0
98087 0.3375 0
98087 0.3375 0
98087 0.21375 0
98087 0.3375 0
98087 0.15 0
98087 0.1 0
98087 0.025 0
98087 0.3375 0
98087 0.21375 0
98087 0.21375 0
98087 0.21375 0
98087 0.3375 0
98087 0.21375 0
98087 0.025 0
98087 0.21375 0
98087 0.15 0
98087 0.3375 0
98087 0.21375 0
98087 0.0625 0
98087 0.15 0
98087 0.025 0
98087 0.3375 0
98087 0.1 0
98087 0.025 0
98087 0.3375 0
98087 0.3375 0
98087 0.3375 0
98087 0.3375 0
98087 0.3375 0
98070 0.025 0
98070 0.3375 0
98070 0.21375 0
98070 0.3375 0
98070 0.3375 0
98070 0.3375 0
98070 0.3375 0
98070 0.21375 0
98070 0.3375 0
98075 0.0625 0
98075 0.3375 0
98075 0.3375 0
98075 0.025 0
98075 0.1 0
98075 0.3375 0
98075 0.3375 0
98075 0.3375 0
98075 0.3375 0
98075 0.3375 0
98075 0.3375 0
98075 0.3375 0
98075 0.025 0
98075 0.025 0
98075 0.3375 0
98075 0.3375 0
98075 0.3375 0
98075 0.3375 0
98075 0.3375 0
98075 0.21375 0
98075 0.3375 0
98075 0.3375 0
98075 0.3375 0
98055 0.3375 0
98055 0.025 0
98055 0.3375 0
98055 0.21375 0
98055 0.21375 0
98055 0.025 0
98055 0.15 0
98055 0.21375 0
98055 0.15 0
98055 0.1 0
98055 0.3375 0
98055 0.0625 0
98055 0.0625 0
98055 0.3375 0
98055 0.3375 0
98055 0.025 0
98055 0.21375 0
98055 0.3375 0
98055 0.0625 0
98055 0.0625 0
98055 0.3375 0
98055 0.1 0
99362 0.3375 0
99362 0.025 0
99362 0.3375 0
99362 0.15 0
99362 0.025 0
99362 0.21375 0
99362 0.21375 0
99362 0.15 0
99362 0.3375 0
99362 0.21375 0
99362 0.15 0
99362 0.21375 0
99362 0.3375 0
99362 0.0625 0
99362 0.025 0
99362 0.3375 0
99362 0.3375 0
99362 0.3375 0
99362 0.3375 0
99362 0.21375 0
99362 0.3375 0
99362 0.15 0
99362 0.15 0
99362 0.025 0
99362 0.025 0
99362 0.0625 0
99362 0.025 0
99362 0.025 0
99362 0.3375 0
99362 0.3375 0
99362 0.3375 0
99362 0.21375 0
99362 0.0625 0
99362 0.21375 0
99362 0.025 0
99362 0.025 0
99362 0.0625 0
99362 0.025 0
99362 0.0625 0
99362 0.1 0
99362 0.15 0
99349 0.025 0
99349 0.15 0
99349 0.3375 0
99349 0.21375 0
99349 0.3375 0
99349 0.21375 0
99349 0.1 0
99349 0.3375 0
98074 0.3375 0
98074 0.3375 0
98074 0.3375 0
98074 0.3375 0
98074 0.3375 0
98074 0.3375 0
98074 0.3375 0
98074 0.3375 0
98074 0.3375 0
98074 0.3375 0
98074 0.1 0
98074 0.3375 0
98074 0.3375 0
98074 0.3375 0
98074 0.3375 0
98074 0.3375 0
98074 0.025 0
98074 0.3375 0
98074 0.3375 0
98074 0.3375 0
98074 0.3375 0
98074 0.0625 0
98074 0.3375 0
98074 0.3375 0
98074 0.3375 0
98074 0.3375 0
98074 0.3375 0
99352 0.3375 0
99352 0.3375 0
99352 0.15 0
99352 0.0625 0
99352 0.3375 0
99352 0.3375 0
99352 0.21375 0
99352 0.0625 0
99352 0.3375 0
99352 0.0625 0
99352 0.21375 0
99352 0.3375 0
99352 0.3375 0
99352 0.15 0
99352 0.3375 0
99352 0.3375 0
99352 0.025 0
99352 0.025 0
99352 0.3375 0
99352 0.15 0
99352 0.21375 0
99352 0.3375 0
99352 0.025 0
99352 0.1 0
99352 0.3375 0
99352 0.3375 0
99352 0.0625 0
99352 0.0625 0
99352 0.15 0
98005 0.3375 0
98005 0.3375 0
98005 0.3375 0
98005 0.3375 0
98005 0.3375 0
98005 0.3375 0
98005 0.3375 0
98005 0.3375 0
98005 0.3375 0
98005 0.3375 0
98005 0.21375 0
98005 0.21375 0
98005 0.3375 0
98005 0.15 0
98005 0.3375 0
98005 0.15 0
98005 0.3375 0
98005 0.3375 0
98004 0.3375 0
98004 0.3375 0
98004 0.3375 0
98004 0.1 0
98004 0.1 0
98004 0.21375 0
98004 0.025 0
98004 0.3375 0
98004 0.3375 0
98004 0.3375 0
98004 0.3375 0
98004 0.025 0
98004 0.3375 0
98004 0.3375 0
98004 0.3375 0
98004 0.15 0
98004 0.025 0
98004 0.3375 0
98004 0.1 0
98004 0.3375 0
98004 0.21375 0
98004 0.3375 0
98004 0.15 0
98004 0.3375 0
98004 0.21375 0
98004 0.15 0
98004 0.21375 0
98004 0.3375 0
98004 0.21375 0
98004 0.3375 0
98004 0.3375 0
98004 0.025 0
98004 0.21375 0
98059 0.15 0
98059 0.3375 0
98059 0.3375 0
98059 0.3375 0
98059 0.3375 0
98059 0.3375 0
98059 0.1 0
98059 0.3375 0
98059 0.3375 0
98059 0.3375 0
98059 0.21375 0
98059 0.3375 0
98059 0.3375 0
98059 0.15 0
98059 0.3375 0
98059 0.1 0
98059 0.3375 0
98059 0.3375 0
98059 0.3375 0
98059 0.3375 0
98059 0.3375 0
98059 0.025 0
98059 0.3375 0
98059 0.0625 0
98059 0.21375 0
98059 0.1 0
98059 0.15 0
98059 0.3375 0
98059 0.3375 0
98059 0.3375 0
98059 0.3375 0
98059 0.3375 0
98059 0.3375 0
98059 0.3375 0
98059 0.3375 0
98059 0.3375 0
98059 0.3375 0
98065 0.3375 0
98065 0.3375 0
98065 0.3375 0
98065 0.3375 0
98065 0.3375 0
98065 0.3375 0
98065 0.3375 0
98065 0.3375 0
98065 0.21375 0
98065 0.3375 0
98065 0.15 0
98065 0.3375 0
98065 0.3375 0
98065 0.21375 0
98053 0.3375 0
98053 0.3375 0
98053 0.3375 0
98053 0.3375 0
98053 0.3375 0
98053 0.3375 0
98053 0.3375 0
98053 0.3375 0
98053 0.3375 0
98053 0.21375 0
98053 0.1 0
98053 0.3375 0
98053 0.21375 0
98053 0.3375 0
98053 0.3375 0
98053 0.3375 0
98053 0.3375 0
98053 0.3375 0
98053 0.1 0
98053 0.3375 0
98053 0.3375 0
98056 0.15 0
98056 0.025 0
98056 0.21375 0
98056 0.1 0
98056 0.0625 0
98056 0.21375 0
98056 0.3375 0
98056 0.21375 0
98056 0.3375 0
98056 0.3375 0
98056 0.3375 0
98056 0.3375 0
98056 0.3375 0
98056 0.1 0
98056 0.0625 0
98056 0.0625 0
98056 0.21375 0
98056 0.15 0
98056 0.3375 0
98056 0.025 0
98056 0.0625 0
98056 0.0625 0
98056 0.3375 0
98056 0.3375 0
98056 0.3375 0
98056 0.0625 0
98056 0.3375 0
98056 0.3375 0
98056 0.15 0
98056 0.3375 0
98056 0.21375 0
98056 0.21375 0
98056 0.3375 0
98056 0.3375 0
98056 0.15 0
98038 0.3375 0
98038 0.3375 0
98038 0.15 0
98038 0.3375 0
98038 0.3375 0
98038 0.025 0
98038 0.3375 0
98038 0.21375 0
98038 0.3375 0
98038 0.3375 0
98038 0.3375 0
98038 0.21375 0
98038 0.3375 0
98038 0.21375 0
98038 0.21375 0
98038 0.3375 0
98038 0.3375 0
98038 0.3375 0
98038 0.3375 0
98038 0.21375 0
98038 0.3375 0
98038 0.3375 0
98038 0.3375 0
98038 0.3375 0
98038 0.3375 0
98038 0.3375 0
98038 0.3375 0
98038 0.3375 0
98038 0.21375 0
98038 0.3375 0
98038 0.1 0
98038 0.3375 0
98038 0.3375 0
98038 0.3375 0
99338 0.3375 0
99338 0.15 0
99338 0.1 0
99338 0.3375 0
99338 0.3375 0
99338 0.025 0
99338 0.3375 0
99338 0.3375 0
99338 0.15 0
99338 0.3375 0
99338 0.3375 0
99338 0.3375 0
99338 0.3375 0
99338 0.3375 0
98023 0.3375 0
98023 0.21375 0
98023 0.3375 0
98023 0.1 0
98023 0.3375 0
98023 0.3375 0
98023 0.3375 0
98023 0.1 0
98023 0.15 0
98023 0.3375 0
98023 0.21375 0
98023 0.3375 0
98023 0.0625 0
98023 0.3375 0
98023 0.3375 0
98023 0.21375 0
98023 0.3375 0
98023 0.15 0
98023 0.3375 0
98023 0.3375 0
98023 0.15 0
98023 0.3375 0
98023 0.3375 0
98023 0.025 0
98023 0.21375 0
98023 0.1 0
98023 0.21375 0
98023 0.21375 0
98023 0.21375 0
98023 0.3375 0
98023 0.15 0
98023 0.21375 0
98023 0.21375 0
98023 0.3375 0
98023 0.3375 0
98023 0.3375 0
98023 0.3375 0
98023 0.1 0
98023 0.15 0
98023 0.3375 0
98023 0.15 0
98023 0.3375 0
98023 0.1 0
98023 0.025 0
98023 0.21375 0
98023 0.3375 0
98023 0.1 0
98023 0.3375 0
98023 0.3375 0
98023 0.21375 0
99208 0.3375 0
99208 0.1 0
99208 0.1 0
99208 0.3375 0
99208 0.15 0
99208 0.1 0
99208 0.21375 0
99208 0.3375 0
99208 0.3375 0
99208 0.21375 0
99208 0.3375 0
99208 0.3375 0
99208 0.3375 0
99208 0.3375 0
99208 0.21375 0
99208 0.21375 0
99208 0.3375 0
99208 0.15 0
99208 0.21375 0
99208 0.21375 0
99208 0.025 0
99208 0.025 0
99208 0.1 0
99208 0.21375 0
99208 0.15 0
99208 0.025 0
99208 0.21375 0
99208 0.21375 0
99208 0.21375 0
99208 0.21375 0
99208 0.3375 0
99208 0.3375 0
99208 0.1 0
99208 0.3375 0
99208 0.21375 0
99208 0.3375 0
99208 0.0625 0
99208 0.1 0
99208 0.3375 0
99208 0.025 0
99208 0.1 0
99208 0.3375 0
99208 0.3375 0
99208 0.3375 0
99208 0.3375 0
99208 0.025 0
99208 0.3375 0
99208 0.025 0
99208 0.3375 0
99208 0.21375 0
99208 0.0625 0
99208 0.21375 0
98021 0.1 0
98021 0.3375 0
98021 0.025 0
98021 0.3375 0
98021 0.3375 0
98021 0.3375 0
98021 0.3375 0
98021 0.3375 0
98021 0.3375 0
98021 0.21375 0
98021 0.3375 0
98021 0.3375 0
98021 0.025 0
98021 0.025 0
98021 0.0625 0
98021 0.21375 0
98021 0.3375 0
98021 0.21375 0
98021 0.3375 0
98021 0.025 0
98021 0.3375 0
98021 0.15 0
98021 0.3375 0
98021 0.21375 0
98021 0.0625 0
98021 0.1 0
98021 0.21375 0
98021 0.3375 0
98021 0.3375 0
98024 0.3375 0
98024 0.3375 0
98024 0.3375 0
98024 0.3375 0
98024 0.3375 0
98024 0.3375 0
98020 0.3375 0
98020 0.3375 0
98020 0.3375 0
98020 0.3375 0
98020 0.21375 0
98020 0.3375 0
98020 0.3375 0
98020 0.1 0
98020 0.21375 0
98020 0.21375 0
98020 0.21375 0
98020 0.0625 0
98020 0.1 0
98020 0.3375 0
98020 0.3375 0
98020 0.0625 0
98020 0.15 0
98020 0.025 0
98020 0.15 0
99224 0.3375 0
99224 0.15 0
99224 0.3375 0
99224 0.21375 0
99224 0.21375 0
99224 0.15 0
99224 0.3375 0
99224 0.15 0
99224 0.21375 0
99224 0.3375 0
99224 0.3375 0
99224 0.3375 0
99224 0.15 0
99224 0.3375 0
99224 0.0625 0
99224 0.3375 0
99224 0.3375 0
99224 0.3375 0
99224 0.15 0
99224 0.1 0
99224 0.15 0
99301 0.21375 0
99301 0.21375 0
99301 0.025 0
99301 0.025 0
99301 0.3375 0
99301 0.1 0
99301 0.3375 0
99301 0.21375 0
99301 0.21375 0
99301 0.3375 0
99301 0.21375 0
99301 0.21375 0
99301 0.0625 0
99301 0.3375 0
99301 0.3375 0
99301 0.21375 0
99301 0.15 0
99301 0.1 0
99301 0.025 0
99301 0.15 0
99301 0.3375 0
99301 0.21375 0
99301 0.025 0
99301 0.025 0
99301 0.3375 0
99301 0.21375 0
99301 0.3375 0
99301 0.15 0
99301 0.1 0
99301 0.0625 0
99301 0.0625 0
99301 0.15 0
99301 0.1 0
99301 0.21375 0
99301 0.3375 0
99301 0.3375 0
99301 0.3375 0
99301 0.21375 0
99301 0.3375 0
99301 0.21375 0
99301 0.15 0
99301 0.3375 0
99301 0.3375 0
99301 0.21375 0
99301 0.3375 0
99301 0.025 0
99301 0.21375 0
99301 0.3375 0
99301 0.21375 0
99301 0.1 0
99301 0.21375 0
99301 0.21375 0
99301 0.21375 0
99301 0.025 0
99301 0.1 0
99301 0.21375 0
99301 0.21375 0
99301 0.21375 0
99301 0.025 0
99301 0.3375 0
99301 0.15 0
99301 0.15 0
99301 0.025 0
99301 0.0625 0
99301 0.15 0
99301 0.3375 0
99301 0.3375 0
99301 0.3375 0
99301 0.21375 0
99301 0.21375 0
99301 0.21375 0
99301 0.3375 0
99301 0.0625 0
99301 0.3375 0
99301 0.21375 0
99301 0.025 0
98019 0.3375 0
98019 0.3375 0
98019 0.3375 0
98019 0.3375 0
98019 0.3375 0
98019 0.21375 0
98019 0.0625 0
98019 0.3375 0
98019 0.3375 0
98019 0.3375 0
98019 0.3375 0
98028 0.3375 0
98028 0.3375 0
98028 0.3375 0
98028 0.21375 0
98028 0.3375 0
98028 0.3375 0
98028 0.3375 0
98028 0.3375 0
98028 0.21375 0
98028 0.3375 0
98028 0.3375 0
98028 0.15 0
98028 0.21375 0
98028 0.025 0
98028 0.0625 0
98028 0.0625 0
98028 0.3375 0
98028 0.15 0
98028 0.3375 0
98028 0.15 0
98028 0.21375 0
98029 0.3375 0
98029 0.3375 0
98029 0.3375 0
98029 0.3375 0
98029 0.3375 0
98029 0.3375 0
98029 0.3375 0
98029 0.21375 0
98029 0.3375 0
98029 0.3375 0
98029 0.3375 0
98029 0.15 0
98029 0.025 0
98029 0.3375 0
98029 0.1 0
98029 0.025 0
98029 0.3375 0
98029 0.3375 0
98029 0.21375 0
98029 0.21375 0
98029 0.3375 0
98029 0.3375 0
98029 0.3375 0
98029 0.025 0
98029 0.3375 0
98029 0.3375 0
98007 0.3375 0
98007 0.15 0
98007 0.3375 0
98007 0.3375 0
98007 0.3375 0
98007 0.3375 0
98007 0.025 0
98007 0.3375 0
98007 0.21375 0
98007 0.21375 0
98007 0.21375 0
98007 0.1 0
98007 0.3375 0
98007 0.3375 0
98007 0.0625 0
98007 0.3375 0
98007 0.21375 0
98007 0.025 0
98007 0.21375 0
98007 0.21375 0
98007 0.3375 0
98007 0.15 0
98007 0.15 0
98007 0.21375 0
98007 0.21375 0
98007 0.21375 0
98007 0.025 0
98031 0.21375 0
98031 0.1 0
98031 0.3375 0
98031 0.21375 0
98031 0.3375 0
98031 0.3375 0
98031 0.3375 0
98031 0.3375 0
98031 0.21375 0
98031 0.3375 0
98031 0.3375 0
98031 0.21375 0
98031 0.1 0
98031 0.21375 0
98031 0.3375 0
98031 0.21375 0
98031 0.3375 0
98031 0.0625 0
98031 0.3375 0
98031 0.3375 0
98031 0.21375 0
98031 0.3375 0
98031 0.3375 0
98031 0.3375 0
98031 0.15 0
98031 0.15 0
98031 0.15 0
98031 0.3375 0
98031 0.21375 0
98031 0.21375 0
98031 0.0625 0
98031 0.025 0
98031 0.15 0
98031 0.025 0
98031 0.025 0
98031 0.15 0
98012 0.21375 0
98012 0.21375 0
98012 0.3375 0
98012 0.21375 0
98012 0.3375 0
98012 0.3375 0
98012 0.3375 0
98012 0.21375 0
98012 0.3375 0
98012 0.1 0
98012 0.1 0
98012 0.3375 0
98012 0.3375 0
98012 0.3375 0
98012 0.15 0
98012 0.3375 0
98012 0.21375 0
98012 0.3375 0
98012 0.3375 0
98012 0.3375 0
98012 0.3375 0
98012 0.025 0
98012 0.21375 0
98012 0.3375 0
98012 0.025 0
98012 0.3375 0
98012 0.3375 0
98012 0.21375 0
98012 0.21375 0
98012 0.3375 0
98012 0.3375 0
98012 0.0625 0
98012 0.3375 0
98012 0.21375 0
98012 0.3375 0
98012 0.21375 0
98012 0.025 0
98012 0.3375 0
98012 0.3375 0
98012 0.3375 0
98012 0.3375 0
98012 0.3375 0
98012 0.3375 0
98012 0.21375 0
98012 0.15 0
98012 0.1 0
98012 0.15 0
98012 0.3375 0
98012 0.3375 0
98012 0.3375 0
98012 0.3375 0
98012 0.0625 0
98012 0.21375 0
98012 0.15 0
98012 0.21375 0
98012 0.3375 0
98012 0.3375 0
98012 0.3375 0
98033 0.3375 0
98033 0.21375 0
98033 0.3375 0
98033 0.3375 0
98033 0.0625 0
98033 0.3375 0
98033 0.0625 0
98033 0.21375 0
98033 0.3375 0
98033 0.3375 0
98033 0.3375 0
98033 0.15 0
98033 0.3375 0
98033 0.3375 0
98033 0.3375 0
98033 0.3375 0
98033 0.15 0
98033 0.3375 0
98033 0.3375 0
98033 0.3375 0
98033 0.3375 0
98033 0.3375 0
98033 0.3375 0
98033 0.3375 0
98033 0.3375 0
98033 0.1 0
98033 0.3375 0
98033 0.3375 0
98033 0.3375 0
98033 0.21375 0
98033 0.3375 0
98033 0.15 0
98033 0.3375 0
98033 0.3375 0
98033 0.3375 0
98033 0.3375 0
98033 0.21375 0
98034 0.21375 0
98034 0.3375 0
98034 0.21375 0
98034 0.1 0
98034 0.3375 0
98034 0.3375 0
98034 0.3375 0
98034 0.3375 0
98034 0.3375 0
98034 0.3375 0
98034 0.3375 0
98034 0.3375 0
98034 0.15 0
98034 0.3375 0
98034 0.025 0
98034 0.3375 0
98034 0.15 0
98034 0.3375 0
98034 0.21375 0
98034 0.025 0
98034 0.3375 0
98034 0.3375 0
98034 0.3375 0
98034 0.3375 0
98034 0.3375 0
98034 0.3375 0
98034 0.3375 0
98034 0.3375 0
98034 0.21375 0
98034 0.15 0
98034 0.025 0
98034 0.3375 0
98034 0.3375 0
98034 0.025 0
98034 0.3375 0
98034 0.3375 0
98034 0.3375 0
98034 0.3375 0
98034 0.21375 0
98034 0.3375 0
98034 0.3375 0
98034 0.3375 0
98036 0.3375 0
98036 0.3375 0
98036 0.025 0
98036 0.21375 0
98036 0.0625 0
98036 0.21375 0
98036 0.1 0
98036 0.025 0
98036 0.3375 0
98036 0.3375 0
98036 0.1 0
98036 0.15 0
98036 0.21375 0
98036 0.3375 0
98036 0.3375 0
98036 0.3375 0
98036 0.3375 0
98036 0.3375 0
98036 0.3375 0
98036 0.3375 0
98036 0.3375 0
98036 0.3375 0
98036 0.15 0
98036 0.0625 0
98036 0.3375 0
98036 0.3375 0
98036 0.1 0
98036 0.3375 0
98036 0.21375 0
98036 0.3375 0
98036 0.0625 0
98036 0.15 0
98036 0.21375 0
98036 0.3375 0
98036 0.3375 0
98036 0.0625 0
98036 0.3375 0
98036 0.3375 0
98037 0.3375 0
98037 0.0625 0
98037 0.3375 0
98037 0.3375 0
98037 0.21375 0
98037 0.21375 0
98037 0.15 0
98037 0.21375 0
98037 0.15 0
98037 0.0625 0
98037 0.3375 0
98037 0.025 0
98037 0.3375 0
98037 0.3375 0
98037 0.15 0
98037 0.21375 0
98037 0.3375 0
98037 0.3375 0
98037 0.3375 0
98037 0.3375 0
98037 0.15 0
98037 0.21375 0
98037 0.3375 0
98037 0.3375 0
98037 0.15 0
98037 0.21375 0
98037 0.3375 0
98037 0.3375 0
98011 0.3375 0
98011 0.3375 0
98011 0.3375 0
98011 0.3375 0
98011 0.3375 0
98011 0.3375 0
98011 0.3375 0
98011 0.3375 0
98011 0.3375 0
98011 0.15 0
98011 0.3375 0
98011 0.3375 0
98011 0.3375 0
98011 0.0625 0
98011 0.1 0
98011 0.21375 0
98011 0.3375 0
98011 0.21375 0
98011 0.15 0
98011 0.15 0
98011 0.3375 0
98011 0.3375 0
98011 0.3375 0
98011 0.3375 0
98011 0.21375 0
98011 0.3375 0
98011 0.21375 0
98011 0.0625 0
98011 0.3375 0
98011 0.15 0
98011 0.3375 0
98039 0.3375 0
98039 0.3375 0
98039 0.025 0
98040 0.1 0
98040 0.3375 0
98040 0.21375 0
98040 0.3375 0
98040 0.025 0
98040 0.3375 0
98040 0.3375 0
98040 0.3375 0
98040 0.21375 0
98040 0.3375 0
98040 0.3375 0
98040 0.21375 0
98040 0.025 0
98040 0.21375 0
98040 0.025 0
98040 0.3375 0
98040 0.3375 0
98040 0.0625 0
98040 0.15 0
98040 0.3375 0
98040 0.3375 0
98040 0.3375 0
98040 0.0625 0
98040 0.1 0
98008 0.15 0
98008 0.3375 0
98008 0.3375 0
98008 0.3375 0
98008 0.3375 0
98008 0.3375 0
98008 0.21375 0
98008 0.1 0
98008 0.15 0
98008 0.3375 0
98008 0.15 0
98008 0.3375 0
98008 0.0625 0
98008 0.3375 0
98008 0.15 0
98008 0.3375 0
98008 0.3375 0
98008 0.3375 0
98008 0.1 0
98008 0.1 0
98008 0.15 0
98008 0.21375 0
98008 0.15 0
98008 0.3375 0
98042 0.21375 0
98042 0.21375 0
98042 0.3375 0
98042 0.3375 0
98042 0.3375 0
98042 0.3375 0
98042 0.15 0
98042 0.15 0
98042 0.3375 0
98042 0.3375 0
98042 0.3375 0
98042 0.3375 0
98042 0.3375 0
98042 0.3375 0
98042 0.21375 0
98042 0.025 0
98042 0.3375 0
98042 0.3375 0
98042 0.1 0
98042 0.3375 0
98042 0.1 0
98042 0.15 0
98042 0.3375 0
98042 0.3375 0
98042 0.1 0
98042 0.3375 0
98042 0.21375 0
98042 0.0625 0
98042 0.3375 0
98042 0.3375 0
98042 0.21375 0
98042 0.025 0
98042 0.3375 0
98042 0.3375 0
98042 0.3375 0
98042 0.21375 0
98042 0.3375 0
98042 0.3375 0
98042 0.3375 0
98042 0.3375 0
98042 0.3375 0
98042 0.3375 0
98042 0.3375 0
98042 0.21375 0
98042 0.3375 0
98032 0.15 0
98032 0.0625 0
98032 0.025 0
98032 0.3375 0
98032 0.3375 0
98032 0.1 0
98032 0.3375 0
98032 0.21375 0
98032 0.1 0
98032 0.3375 0
98032 0.15 0
98032 0.3375 0
98032 0.21375 0
98032 0.0625 0
98032 0.21375 0
98032 0.025 0
98032 0.21375 0
98032 0.3375 0
98032 0.0625 0
98032 0.3375 0
98032 0.025 0
98032 0.3375 0
98032 0.3375 0
98032 0.025 0
98032 0.0625 0
98032 0.1 0
98032 0.0625 0
98032 0.3375 0
98032 0.3375 0
98032 0.3375 0
98032 0.15 0
98032 0.3375 0
98032 0.15 0
98032 0.1 0
98032 0.0625 0
98032 0.3375 0
98022 0.025 0
98022 0.3375 0
98022 0.3375 0
98022 0.0625 0
98022 0.21375 0
98022 0.21375 0
98022 0.21375 0
98022 0.1 0
98022 0.3375 0
98022 0.21375 0
98022 0.3375 0
98022 0.3375 0
98022 0.21375 0
98022 0.3375 0
98022 0.0625 0
98022 0.21375 0
98022 0.3375 0
98022 0.3375 0
98022 0.025 0
98022 0.025 0
98022 0.0625 0
98208 0.3375 0
98208 0.3375 0
98208 0.3375 0
98208 0.3375 0
98208 0.1 0
98208 0.15 0
98208 0.21375 0
98208 0.21375 0
98208 0.21375 0
98208 0.15 0
98208 0.1 0
98208 0.3375 0
98208 0.0625 0
98208 0.3375 0
98208 0.3375 0
98208 0.3375 0
98208 0.3375 0
98208 0.21375 0
98208 0.15 0
98208 0.3375 0
98208 0.21375 0
98208 0.3375 0
98208 0.3375 0
98208 0.3375 0
98208 0.3375 0
98208 0.21375 0
98208 0.3375 0
98208 0.3375 0
98208 0.0625 0
98208 0.3375 0
98208 0.3375 0
98208 0.21375 0
98208 0.1 0
98208 0.025 0
98208 0.3375 0
98208 0.3375 0
98208 0.3375 0
98208 0.3375 0
98208 0.3375 0
98208 0.3375 0
98208 0.21375 0
98208 0.3375 0
98208 0.3375 0
98208 0.0625 0
98208 0.025 0
98208 0.3375 0
98208 0.15 0
98208 0.3375 0
98208 0.21375 0
98208 0.3375 0
98208 0.3375 0
98208 0.15 0
98208 0.1 0
98208 0.21375 0
98208 0.3375 0
98208 0.3375 0
98103 0.3375 0
98103 0.15 0
98103 0.1 0
98103 0.3375 0
98103 0.0625 0
98103 0.21375 0
98103 0.1 0
98103 0.21375 0
98103 0.21375 0
98103 0.21375 0
98103 0.21375 0
98103 0.3375 0
98103 0.3375 0
98103 0.3375 0
98103 0.025 0
98103 0.3375 0
98103 0.21375 0
98103 0.1 0
98103 0.025 0
98103 0.025 0
98103 0.3375 0
98103 0.3375 0
98103 0.21375 0
98103 0.15 0
98103 0.1 0
98103 0.3375 0
98103 0.21375 0
98103 0.3375 0
98103 0.3375 0
98103 0.0625 0
98103 0.3375 0
98103 0.3375 0
98103 0.15 0
98103 0.3375 0
98103 0.3375 0
98103 0.3375 0
98103 0.3375 0
98103 0.3375 0
98103 0.15 0
98103 0.0625 0
98103 0.21375 0
98103 0.21375 0
98103 0.3375 0
98103 0.3375 0
98103 0.3375 0
98103 0.3375 0
98103 0.3375 0
98103 0.3375 0
98103 0.1 0
98577 0.3375 0
98577 0.0625 0
98577 0.0625 0
98577 0.3375 0
98577 0.0625 0
98577 0.3375 0
98580 0.0625 0
98580 0.15 0
98580 0.1 0
98580 0.3375 0
98580 0.3375 0
98580 0.0625 0
98580 0.15 0
98580 0.21375 0
98580 0.1 0
98580 0.3375 0
98580 0.3375 0
98329 0.15 0
98329 0.3375 0
98329 0.1 0
98329 0.3375 0
98329 0.3375 0
98329 0.3375 0
98329 0.1 0
98329 0.15 0
98329 0.3375 0
98329 0.3375 0
98321 0.3375 0
98321 0.21375 0
98321 0.3375 0
98321 0.3375 0
98321 0.025 0
98321 0.21375 0
98321 0.3375 0
98321 0.3375 0
98321 0.3375 0
98321 0.3375 0
98321 0.3375 0
98321 0.21375 0
98321 0.21375 0
98321 0.3375 0
98321 0.3375 0
98310 0.1 0
98310 0.3375 0
98310 0.3375 0
98310 0.025 0
98310 0.21375 0
98310 0.025 0
98310 0.025 0
98310 0.3375 0
98310 0.15 0
98310 0.0625 0
98310 0.0625 0
98310 0.3375 0
98310 0.21375 0
98310 0.3375 0
98310 0.21375 0
98310 0.21375 0
98310 0.3375 0
98310 0.21375 0
98310 0.15 0
98310 0.21375 0
98606 0.3375 0
98606 0.15 0
98606 0.3375 0
98606 0.3375 0
98606 0.21375 0
98606 0.15 0
98606 0.3375 0
98606 0.3375 0
98606 0.3375 0
98607 0.3375 0
98607 0.3375 0
98607 0.3375 0
98607 0.0625 0
98607 0.21375 0
98607 0.3375 0
98607 0.3375 0
98607 0.3375 0
98607 0.3375 0
98607 0.1 0
98607 0.3375 0
98607 0.3375 0
98607 0.15 0
98607 0.21375 0
98607 0.21375 0
98607 0.21375 0
98607 0.3375 0
98607 0.3375 0
98607 0.025 0
98607 0.3375 0
98607 0.21375 0
98607 0.0625 0
98607 0.3375 0
98607 0.3375 0
98607 0.3375 0
98607 0.3375 0
98607 0.21375 0
98607 0.3375 0
98607 0.21375 0
98607 0.3375 0
98296 0.15 0
98296 0.3375 0
98296 0.3375 0
98296 0.3375 0
98296 0.3375 0
98296 0.3375 0
98296 0.3375 0
98296 0.15 0
98296 0.3375 0
98296 0.025 0
98296 0.21375 0
98296 0.3375 0
98296 0.3375 0
98296 0.15 0
98296 0.0625 0
98296 0.3375 0
98296 0.3375 0
98296 0.3375 0
98296 0.3375 0
98296 0.3375 0
98296 0.1 0
98296 0.3375 0
98296 0.3375 0
98296 0.3375 0
98296 0.3375 0
98296 0.3375 0
98296 0.3375 0
98296 0.21375 0
98296 0.3375 0
98290 0.3375 0
98290 0.21375 0
98290 0.3375 0
98290 0.21375 0
98290 0.3375 0
98290 0.3375 0
98290 0.025 0
98290 0.15 0
98290 0.0625 0
98290 0.15 0
98290 0.3375 0
98290 0.3375 0
98290 0.0625 0
98290 0.3375 0
98290 0.3375 0
98290 0.3375 0
98290 0.3375 0
98290 0.3375 0
98290 0.3375 0
98290 0.3375 0
98290 0.21375 0
98290 0.0625 0
98290 0.3375 0
98290 0.3375 0
98290 0.15 0
98290 0.025 0
98290 0.3375 0
98290 0.3375 0
98290 0.025 0
98290 0.0625 0
98290 0.3375 0
98290 0.3375 0
98290 0.21375 0
98290 0.3375 0
98277 0.3375 0
98277 0.1 0
98277 0.3375 0
98277 0.025 0
98277 0.21375 0
98277 0.15 0
98277 0.3375 0
98277 0.21375 0
98277 0.21375 0
98277 0.0625 0
98277 0.025 0
98277 0.3375 0
98277 0.21375 0
98277 0.025 0
98277 0.025 0
98277 0.21375 0
98277 0.3375 0
98277 0.15 0
98277 0.025 0
98277 0.3375 0
98277 0.21375 0
98277 0.0625 0
98277 0.1 0
98277 0.1 0
98277 0.15 0
98277 0.3375 0
98277 0.1 0
98277 0.21375 0
98277 0.21375 0
98277 0.3375 0
98277 0.21375 0
98277 0.21375 0
98277 0.15 0
98277 0.0625 0
98277 0.025 0
98277 0.1 0
98277 0.15 0
98273 0.15 0
98273 0.15 0
98273 0.0625 0
98273 0.3375 0
98273 0.1 0
98273 0.3375 0
98273 0.1 0
98273 0.3375 0
98273 0.0625 0
98273 0.21375 0
98273 0.1 0
98273 0.21375 0
98273 0.025 0
98273 0.3375 0
98273 0.025 0
98273 0.3375 0
98273 0.3375 0
98273 0.1 0
98273 0.3375 0
98273 0.0625 0
98273 0.21375 0
98273 0.1 0
98273 0.1 0
98273 0.21375 0
98273 0.15 0
98273 0.3375 0
98273 0.3375 0
98273 0.3375 0
98273 0.21375 0
98272 0.0625 0
98272 0.21375 0
98272 0.3375 0
98272 0.3375 0
98272 0.025 0
98272 0.025 0
98272 0.025 0
98272 0.3375 0
98272 0.3375 0
98272 0.3375 0
98272 0.3375 0
98272 0.3375 0
98272 0.21375 0
98272 0.3375 0
98272 0.3375 0
98272 0.15 0
98272 0.3375 0
98272 0.3375 0
98272 0.21375 0
98272 0.025 0
98272 0.3375 0
98272 0.15 0
98272 0.3375 0
98272 0.21375 0
98272 0.3375 0
98272 0.3375 0
98272 0.3375 0
98272 0.0625 0
98272 0.15 0
98642 0.3375 0
98642 0.21375 0
98642 0.3375 0
98642 0.3375 0
98642 0.3375 0
98642 0.15 0
98642 0.3375 0
98642 0.025 0
98642 0.3375 0
98642 0.3375 0
98642 0.3375 0
98642 0.025 0
98642 0.3375 0
98642 0.3375 0
98642 0.3375 0
98642 0.3375 0
98642 0.3375 0
98260 0.15 0
98260 0.21375 0
98260 0.3375 0
98260 0.15 0
98260 0.3375 0
98258 0.1 0
98258 0.3375 0
98258 0.15 0
98258 0.15 0
98258 0.3375 0
98258 0.3375 0
98258 0.21375 0
98258 0.3375 0
98258 0.3375 0
98258 0.3375 0
98258 0.21375 0
98258 0.3375 0
98258 0.3375 0
98258 0.3375 0
98258 0.15 0
98258 0.3375 0
98258 0.3375 0
98258 0.3375 0
98258 0.1 0
98258 0.3375 0
98258 0.3375 0
98258 0.3375 0
98258 0.15 0
98258 0.21375 0
98258 0.21375 0
98258 0.3375 0
98258 0.0625 0
98258 0.0625 0
98258 0.3375 0
98258 0.3375 0
98258 0.21375 0
98258 0.21375 0
98356 0.15 0
98356 0.1 0
98257 0.15 0
98257 0.3375 0
98257 0.0625 0
98367 0.3375 0
98367 0.025 0
98367 0.3375 0
98367 0.3375 0
98367 0.3375 0
98367 0.0625 0
98367 0.21375 0
98367 0.15 0
98367 0.1 0
98367 0.025 0
98367 0.3375 0
98367 0.3375 0
98367 0.3375 0
98367 0.1 0
98367 0.3375 0
98367 0.3375 0
98367 0.1 0
98367 0.3375 0
98367 0.3375 0
98367 0.3375 0
98367 0.3375 0
98367 0.15 0
98367 0.21375 0
98367 0.3375 0
98367 0.3375 0
98367 0.1 0
98367 0.3375 0
98367 0.3375 0
98370 0.21375 0
98370 0.21375 0
98370 0.3375 0
98370 0.1 0
98370 0.3375 0
98370 0.1 0
98370 0.21375 0
98370 0.3375 0
98370 0.15 0
98370 0.3375 0
98370 0.0625 0
98370 0.3375 0
98370 0.21375 0
98370 0.025 0
98370 0.3375 0
98370 0.15 0
98370 0.21375 0
98370 0.1 0
98370 0.21375 0
98370 0.0625 0
98370 0.3375 0
98370 0.21375 0
98370 0.1 0
98370 0.3375 0
98370 0.3375 0
98370 0.3375 0
98370 0.3375 0
98370 0.3375 0
98370 0.15 0
98408 0.0625 0
98408 0.3375 0
98408 0.3375 0
98408 0.025 0
98408 0.3375 0
98408 0.025 0
98408 0.15 0
98408 0.21375 0
98408 0.3375 0
98408 0.21375 0
98408 0.21375 0
98408 0.025 0
98408 0.025 0
98408 0.0625 0
98408 0.3375 0
98408 0.0625 0
98408 0.21375 0
98408 0.21375 0
98408 0.3375 0
98406 0.21375 0
98406 0.21375 0
98406 0.1 0
98406 0.21375 0
98406 0.15 0
98406 0.15 0
98406 0.21375 0
98406 0.3375 0
98406 0.025 0
98406 0.3375 0
98406 0.1 0
98406 0.21375 0
98406 0.3375 0
98406 0.21375 0
98406 0.0625 0
98406 0.0625 0
98406 0.15 0
98406 0.3375 0
98406 0.3375 0
98406 0.3375 0
98406 0.0625 0
98406 0.21375 0
98406 0.3375 0
98466 0.3375 0
98466 0.3375 0
98466 0.3375 0
98466 0.3375 0
98466 0.3375 0
98466 0.3375 0
98466 0.21375 0
98466 0.15 0
98466 0.0625 0
98466 0.21375 0
98466 0.1 0
98466 0.15 0
98466 0.3375 0
98466 0.025 0
98466 0.21375 0
98466 0.1 0
98466 0.1 0
98466 0.3375 0
98466 0.1 0
98466 0.1 0
98466 0.3375 0
98466 0.3375 0
98466 0.025 0
98466 0.3375 0
98466 0.21375 0
98466 0.0625 0
98466 0.0625 0
98501 0.15 0
98501 0.21375 0
98501 0.21375 0
98501 0.3375 0
98501 0.21375 0
98501 0.3375 0
98501 0.21375 0
98501 0.21375 0
98501 0.0625 0
98501 0.0625 0
98501 0.15 0
98501 0.3375 0
98501 0.21375 0
98501 0.3375 0
98501 0.3375 0
98501 0.3375 0
98501 0.1 0
98501 0.21375 0
98501 0.3375 0
98501 0.21375 0
98501 0.15 0
98501 0.3375 0
98501 0.025 0
98501 0.3375 0
98501 0.3375 0
98501 0.025 0
98501 0.3375 0
98501 0.15 0
98501 0.21375 0
98501 0.21375 0
98501 0.3375 0
98501 0.3375 0
98501 0.025 0
98501 0.3375 0
98501 0.21375 0
98501 0.025 0
98501 0.3375 0
98501 0.3375 0
98501 0.21375 0
98501 0.15 0
98501 0.3375 0
98502 0.025 0
98502 0.21375 0
98502 0.21375 0
98502 0.21375 0
98502 0.15 0
98502 0.1 0
98502 0.21375 0
98502 0.3375 0
98502 0.1 0
98502 0.3375 0
98502 0.15 0
98502 0.025 0
98502 0.15 0
98502 0.0625 0
98502 0.3375 0
98502 0.025 0
98502 0.3375 0
98502 0.0625 0
98502 0.21375 0
98502 0.21375 0
98502 0.3375 0
98502 0.21375 0
98502 0.3375 0
98502 0.3375 0
98502 0.025 0
98502 0.1 0
98502 0.3375 0
98502 0.15 0
98502 0.3375 0
98502 0.3375 0
98502 0.025 0
98503 0.3375 0
98503 0.15 0
98503 0.1 0
98503 0.025 0
98503 0.3375 0
98503 0.21375 0
98503 0.3375 0
98503 0.3375 0
98503 0.21375 0
98503 0.21375 0
98503 0.3375 0
98503 0.1 0
98503 0.1 0
98503 0.3375 0
98503 0.21375 0
98503 0.1 0
98503 0.3375 0
98503 0.0625 0
98503 0.21375 0
98503 0.3375 0
98503 0.15 0
98503 0.1 0
98503 0.025 0
98503 0.21375 0
98503 0.21375 0
98503 0.025 0
98503 0.21375 0
98503 0.3375 0
98503 0.3375 0
98503 0.1 0
98503 0.3375 0
98503 0.025 0
98503 0.3375 0
98503 0.025 0
98503 0.3375 0
98503 0.3375 0
98503 0.025 0
98403 0.1 0
98403 0.0625 0
98403 0.21375 0
98403 0.21375 0
98403 0.025 0
98403 0.3375 0
98403 0.025 0
98512 0.21375 0
98512 0.0625 0
98512 0.3375 0
98512 0.025 0
98512 0.3375 0
98512 0.21375 0
98512 0.3375 0
98512 0.0625 0
98512 0.1 0
98512 0.3375 0
98512 0.21375 0
98512 0.15 0
98512 0.1 0
98512 0.0625 0
98512 0.025 0
98512 0.3375 0
98512 0.1 0
98512 0.3375 0
98512 0.21375 0
98512 0.025 0
98512 0.3375 0
98512 0.0625 0
98512 0.15 0
98512 0.21375 0
98512 0.0625 0
98512 0.3375 0
98512 0.21375 0
98512 0.025 0
98512 0.21375 0
98513 0.0625 0
98513 0.3375 0
98513 0.3375 0
98513 0.15 0
98513 0.15 0
98513 0.21375 0
98513 0.21375 0
98513 0.21375 0
98513 0.3375 0
98513 0.3375 0
98513 0.21375 0
98513 0.3375 0
98513 0.3375 0
98513 0.3375 0
98513 0.3375 0
98513 0.15 0
98513 0.3375 0
98513 0.3375 0
98513 0.21375 0
98513 0.21375 0
98513 0.21375 0
98513 0.3375 0
98513 0.15 0
98513 0.3375 0
98513 0.21375 0
98513 0.3375 0
98513 0.21375 0
98513 0.0625 0
98513 0.025 0
98513 0.21375 0
98513 0.0625 0
98513 0.3375 0
98513 0.3375 0
98513 0.3375 0
98516 0.21375 0
98516 0.3375 0
98516 0.3375 0
98516 0.15 0
98516 0.3375 0
98516 0.025 0
98516 0.21375 0
98516 0.3375 0
98516 0.3375 0
98516 0.15 0
98516 0.3375 0
98516 0.21375 0
98516 0.3375 0
98516 0.21375 0
98516 0.21375 0
98516 0.0625 0
98516 0.21375 0
98516 0.21375 0
98516 0.15 0
98516 0.1 0
98516 0.21375 0
98516 0.1 0
98402 0.3375 0
98402 0.21375 0
98402 0.3375 0
98402 0.21375 0
98402 0.21375 0
98402 0.3375 0
98391 0.3375 0
98391 0.21375 0
98391 0.15 0
98391 0.21375 0
98391 0.025 0
98391 0.21375 0
98391 0.3375 0
98391 0.21375 0
98391 0.0625 0
98391 0.3375 0
98391 0.15 0
98391 0.21375 0
98391 0.3375 0
98391 0.15 0
98391 0.025 0
98391 0.3375 0
98391 0.15 0
98391 0.3375 0
98391 0.3375 0
98391 0.21375 0
98391 0.3375 0
98391 0.3375 0
98391 0.3375 0
98391 0.21375 0
98391 0.3375 0
98391 0.3375 0
98391 0.0625 0
98391 0.3375 0
98391 0.3375 0
98391 0.1 0
98391 0.3375 0
98391 0.21375 0
98391 0.3375 0
98391 0.21375 0
98391 0.3375 0
98391 0.21375 0
98391 0.3375 0
98391 0.3375 0
98391 0.0625 0
98391 0.3375 0
98391 0.0625 0
98391 0.3375 0
98391 0.3375 0
98391 0.3375 0
98391 0.21375 0
98391 0.15 0
98391 0.15 0
98391 0.3375 0
98388 0.3375 0
98388 0.3375 0
98388 0.0625 0
98388 0.3375 0
98388 0.3375 0
98388 0.15 0
98387 0.025 0
98387 0.21375 0
98387 0.3375 0
98387 0.3375 0
98387 0.3375 0
98387 0.21375 0
98387 0.3375 0
98387 0.21375 0
98387 0.21375 0
98387 0.1 0
98387 0.21375 0
98387 0.1 0
98387 0.1 0
98387 0.3375 0
98387 0.21375 0
98387 0.3375 0
98387 0.3375 0
98387 0.3375 0
98387 0.3375 0
98387 0.3375 0
98387 0.3375 0
98387 0.21375 0
98387 0.025 0
98387 0.21375 0
98387 0.1 0
98387 0.15 0
98387 0.3375 0
98387 0.3375 0
98387 0.21375 0
98387 0.15 0
98387 0.3375 0
98387 0.21375 0
98387 0.21375 0
98387 0.21375 0
98387 0.15 0
98387 0.3375 0
98387 0.3375 0
98387 0.15 0
98387 0.3375 0
98387 0.3375 0
98387 0.21375 0
98387 0.025 0
98387 0.3375 0
98387 0.15 0
98387 0.3375 0
98373 0.025 0
98373 0.15 0
98373 0.21375 0
98373 0.1 0
98373 0.3375 0
98373 0.21375 0
98373 0.3375 0
98373 0.15 0
98373 0.3375 0
98373 0.21375 0
98373 0.1 0
98373 0.3375 0
98373 0.3375 0
98373 0.3375 0
98373 0.3375 0
98373 0.1 0
98373 0.3375 0
98373 0.21375 0
98373 0.3375 0
98373 0.3375 0
98373 0.3375 0
98373 0.15 0
98368 0.1 0
98368 0.21375 0
98368 0.025 0
98368 0.21375 0
98368 0.15 0
98368 0.15 0
98368 0.025 0
98368 0.025 0
98368 0.1 0
98368 0.0625 0
98368 0.15 0
98368 0.21375 0
98368 0.3375 0
98368 0.3375 0
98368 0.15 0
98250 0.0625 0
98250 0.21375 0
98250 0.15 0
98250 0.15 0
98250 0.3375 0
98250 0.15 0
98250 0.3375 0
98249 0.21375 0
98249 0.1 0
98249 0.1 0
98249 0.3375 0
98662 0.21375 0
98662 0.21375 0
98662 0.3375 0
98662 0.3375 0
98662 0.21375 0
98662 0.025 0
98662 0.3375 0
98662 0.21375 0
98662 0.1 0
98662 0.21375 0
98662 0.21375 0
98662 0.3375 0
98662 0.0625 0
98662 0.15 0
98662 0.3375 0
98662 0.1 0
98662 0.0625 0
98662 0.1 0
98662 0.3375 0
98662 0.3375 0
98662 0.1 0
98662 0.3375 0
98662 0.3375 0
98662 0.3375 0
98662 0.1 0
98662 0.21375 0
98662 0.3375 0
98662 0.21375 0
98662 0.1 0
98662 0.3375 0
98662 0.3375 0
98662 0.15 0
98122 0.3375 0
98122 0.0625 0
98122 0.025 0
98122 0.21375 0
98122 0.3375 0
98122 0.3375 0
98122 0.15 0
98122 0.1 0
98122 0.3375 0
98122 0.025 0
98122 0.0625 0
98122 0.3375 0
98122 0.025 0
98122 0.025 0
98122 0.21375 0
98122 0.15 0
98122 0.3375 0
98122 0.3375 0
98122 0.3375 0
98122 0.1 0
98122 0.15 0
98122 0.15 0
98122 0.3375 0
98122 0.0625 0
98122 0.15 0
98122 0.3375 0
98122 0.15 0
98122 0.3375 0
98122 0.025 0
98122 0.3375 0
98122 0.21375 0
98122 0.3375 0
98122 0.3375 0
98122 0.1 0
98122 0.3375 0
98121 0.3375 0
98121 0.3375 0
98121 0.025 0
98121 0.3375 0
98121 0.3375 0
98121 0.3375 0
98121 0.21375 0
98121 0.21375 0
98121 0.0625 0
98121 0.1 0
98121 0.3375 0
98121 0.3375 0
98121 0.025 0
98121 0.3375 0
98119 0.0625 0
98119 0.3375 0
98119 0.15 0
98119 0.3375 0
98119 0.15 0
98119 0.0625 0
98119 0.3375 0
98119 0.3375 0
98119 0.15 0
98119 0.21375 0
98119 0.15 0
98119 0.15 0
98119 0.3375 0
98119 0.3375 0
98119 0.3375 0
98119 0.3375 0
98119 0.3375 0
98119 0.15 0
98119 0.1 0
98119 0.3375 0
98119 0.3375 0
98119 0.3375 0
98119 0.3375 0
98119 0.3375 0
98118 0.0625 0
98118 0.3375 0
98118 0.21375 0
98118 0.3375 0
98118 0.3375 0
98118 0.3375 0
98118 0.15 0
98118 0.15 0
98118 0.0625 0
98118 0.3375 0
98118 0.21375 0
98118 0.21375 0
98118 0.3375 0
98118 0.15 0
98118 0.3375 0
98118 0.15 0
98118 0.3375 0
98118 0.3375 0
98118 0.3375 0
98118 0.21375 0
98118 0.21375 0
98118 0.1 0
98118 0.15 0
98118 0.1 0
98118 0.15 0
98118 0.21375 0
98118 0.3375 0
98118 0.15 0
98118 0.0625 0
98118 0.025 0
98118 0.1 0
98118 0.3375 0
98118 0.3375 0
98118 0.025 0
98118 0.3375 0
98118 0.025 0
98118 0.3375 0
98118 0.15 0
98118 0.3375 0
98118 0.025 0
98118 0.3375 0
98118 0.025 0
98118 0.3375 0
98118 0.3375 0
98117 0.21375 0
98117 0.15 0
98117 0.3375 0
98117 0.21375 0
98117 0.3375 0
98117 0.15 0
98117 0.3375 0
98117 0.3375 0
98117 0.3375 0
98117 0.3375 0
98117 0.3375 0
98117 0.3375 0
98117 0.21375 0
98117 0.3375 0
98117 0.3375 0
98117 0.21375 0
98117 0.21375 0
98117 0.3375 0
98117 0.1 0
98117 0.3375 0
98117 0.3375 0
98117 0.3375 0
98117 0.3375 0
98117 0.025 0
98117 0.3375 0
98117 0.3375 0
98117 0.21375 0
98117 0.3375 0
98117 0.3375 0
98117 0.21375 0
98117 0.15 0
98117 0.3375 0
98116 0.21375 0
98116 0.3375 0
98116 0.1 0
98116 0.3375 0
98116 0.1 0
98116 0.3375 0
98116 0.3375 0
98116 0.3375 0
98116 0.3375 0
98116 0.3375 0
98116 0.15 0
98116 0.3375 0
98116 0.025 0
98116 0.21375 0
98116 0.21375 0
98116 0.3375 0
98116 0.3375 0
98116 0.1 0
98116 0.21375 0
98116 0.3375 0
98116 0.1 0
98116 0.21375 0
98116 0.0625 0
98116 0.3375 0
98116 0.3375 0
98115 0.15 0
98115 0.3375 0
98115 0.3375 0
98115 0.15 0
98115 0.3375 0
98115 0.0625 0
98115 0.3375 0
98115 0.3375 0
98115 0.15 0
98115 0.21375 0
98115 0.3375 0
98115 0.3375 0
98115 0.3375 0
98115 0.3375 0
98115 0.3375 0
98115 0.0625 0
98115 0.3375 0
98115 0.025 0
98115 0.3375 0
98115 0.3375 0
98115 0.025 0
98115 0.0625 0
98115 0.0625 0
98115 0.3375 0
98115 0.1 0
98115 0.3375 0
98115 0.3375 0
98115 0.3375 0
98115 0.3375 0
98115 0.3375 0
98115 0.3375 0
98115 0.025 0
98115 0.3375 0
98115 0.3375 0
98115 0.15 0
98115 0.3375 0
98115 0.15 0
98115 0.1 0
98115 0.3375 0
98115 0.15 0
98115 0.21375 0
98115 0.3375 0
98115 0.3375 0
98115 0.15 0
98115 0.3375 0
98115 0.21375 0
98115 0.21375 0
98115 0.21375 0
98115 0.21375 0
98115 0.21375 0
98112 0.3375 0
98112 0.3375 0
98112 0.21375 0
98112 0.3375 0
98112 0.3375 0
98112 0.025 0
98112 0.025 0
98112 0.3375 0
98112 0.3375 0
98112 0.3375 0
98112 0.3375 0
98112 0.3375 0
98112 0.3375 0
98112 0.025 0
98112 0.3375 0
98112 0.15 0
98112 0.21375 0
98112 0.21375 0
98112 0.21375 0
98112 0.15 0
98112 0.3375 0
98112 0.3375 0
98112 0.3375 0
98110 0.15 0
98110 0.3375 0
98110 0.3375 0
98110 0.025 0
98110 0.3375 0
98110 0.3375 0
98110 0.3375 0
98110 0.025 0
98110 0.3375 0
98110 0.025 0
98110 0.3375 0
98110 0.3375 0
98110 0.3375 0
98110 0.025 0
98110 0.1 0
98110 0.3375 0
98110 0.3375 0
98110 0.3375 0
98110 0.3375 0
98110 0.15 0
98110 0.025 0
98110 0.3375 0
98110 0.1 0
98109 0.3375 0
98109 0.3375 0
98109 0.1 0
98109 0.3375 0
98109 0.15 0
98109 0.3375 0
98109 0.3375 0
98109 0.3375 0
98109 0.3375 0
98109 0.3375 0
98109 0.21375 0
98109 0.21375 0
98109 0.025 0
98109 0.3375 0
98109 0.3375 0
98109 0.3375 0
98109 0.3375 0
98109 0.025 0
98109 0.1 0
98109 0.0625 0
98109 0.3375 0
98109 0.21375 0
98109 0.1 0
98109 0.3375 0
98109 0.3375 0
98108 0.025 0
98108 0.15 0
98108 0.1 0
98108 0.15 0
98108 0.3375 0
98108 0.0625 0
98108 0.15 0
98108 0.3375 0
98108 0.3375 0
98108 0.15 0
98108 0.15 0
98108 0.3375 0
98108 0.025 0
98108 0.21375 0
98108 0.025 0
98108 0.3375 0
98108 0.025 0
98108 0.025 0
98108 0.0625 0
98108 0.3375 0
98108 0.3375 0
98108 0.025 0
98108 0.0625 0
98108 0.0625 0
98107 0.3375 0
98107 0.15 0
98107 0.3375 0
98107 0.3375 0
98107 0.3375 0
98107 0.3375 0
98107 0.1 0
98107 0.3375 0
98107 0.3375 0
98107 0.15 0
98107 0.3375 0
98107 0.3375 0
98107 0.3375 0
98107 0.3375 0
98107 0.1 0
98107 0.3375 0
98107 0.3375 0
98107 0.3375 0
98107 0.3375 0
98107 0.025 0
98107 0.3375 0
98107 0.3375 0
98107 0.025 0
98107 0.3375 0
98106 0.21375 0
98106 0.15 0
98106 0.21375 0
98106 0.025 0
98106 0.21375 0
98106 0.025 0
98106 0.15 0
98106 0.21375 0
98106 0.3375 0
98106 0.3375 0
98106 0.15 0
98106 0.025 0
98106 0.0625 0
98106 0.15 0
98106 0.025 0
98106 0.3375 0
98106 0.1 0
98106 0.0625 0
98106 0.1 0
98106 0.1 0
98106 0.1 0
98106 0.15 0
98106 0.21375 0
98106 0.025 0
98106 0.15 0
98105 0.21375 0
98105 0.21375 0
98105 0.21375 0
98105 0.025 0
98105 0.0625 0
98105 0.3375 0
98105 0.3375 0
98105 0.1 0
98105 0.21375 0
98105 0.15 0
98105 0.0625 0
98105 0.3375 0
98105 0.21375 0
98105 0.15 0
98105 0.0625 0
98105 0.3375 0
98105 0.3375 0
98105 0.3375 0
98105 0.3375 0
98105 0.025 0
98105 0.3375 0
98105 0.3375 0
98105 0.3375 0
98105 0.3375 0
98105 0.15 0
98105 0.3375 0
98105 0.1 0
98105 0.3375 0
98105 0.3375 0
98105 0.3375 0
98105 0.3375 0
98105 0.3375 0
98105 0.3375 0
98105 0.1 0
98105 0.3375 0
98105 0.3375 0
98105 0.0625 0
98105 0.3375 0
98105 0.0625 0
98105 0.025 0
98105 0.025 0
98105 0.025 0
98105 0.1 0
98105 0.21375 0
98105 0.1 0
98105 0.15 0
99019 0.3375 0
99019 0.3375 0
99019 0.3375 0
99019 0.15 0
99019 0.3375 0
99019 0.3375 0
99019 0.3375 0
99019 0.3375 0
99019 0.3375 0
99019 0.21375 0
98125 0.21375 0
98125 0.0625 0
98125 0.15 0
98125 0.21375 0
98125 0.025 0
98125 0.3375 0
98125 0.21375 0
98125 0.025 0
98125 0.21375 0
98125 0.21375 0
98125 0.3375 0
98125 0.3375 0
98125 0.025 0
98125 0.21375 0
98125 0.15 0
98125 0.21375 0
98125 0.3375 0
98125 0.3375 0
98125 0.025 0
98125 0.3375 0
98125 0.0625 0
98125 0.3375 0
98125 0.3375 0
98125 0.3375 0
98125 0.21375 0
98125 0.3375 0
98125 0.3375 0
98125 0.21375 0
98125 0.0625 0
98125 0.0625 0
98125 0.0625 0
98125 0.21375 0
98125 0.3375 0
98125 0.1 0
98125 0.21375 0
98125 0.3375 0
98125 0.1 0
98125 0.3375 0
98125 0.3375 0
98136 0.3375 0
98136 0.15 0
98136 0.3375 0
98136 0.3375 0
98136 0.3375 0
98136 0.3375 0
98136 0.3375 0
98136 0.21375 0
98136 0.3375 0
98136 0.3375 0
98136 0.3375 0
98136 0.3375 0
98136 0.3375 0
98136 0.21375 0
98136 0.3375 0
98136 0.3375 0
98144 0.0625 0
98144 0.0625 0
98144 0.1 0
98144 0.15 0
98144 0.3375 0
98144 0.3375 0
98144 0.21375 0
98144 0.1 0
98144 0.15 0
98144 0.1 0
98144 0.0625 0
98144 0.3375 0
98144 0.3375 0
98144 0.1 0
98144 0.21375 0
98144 0.15 0
98144 0.3375 0
98144 0.3375 0
98144 0.3375 0
98144 0.3375 0
98144 0.0625 0
98144 0.3375 0
98144 0.3375 0
98144 0.3375 0
98144 0.025 0
98144 0.21375 0
98144 0.3375 0
98144 0.21375 0
98144 0.0625 0
98144 0.15 0
98901 0.21375 0
98901 0.0625 0
98901 0.025 0
98901 0.21375 0
98901 0.21375 0
98901 0.3375 0
98901 0.0625 0
98901 0.1 0
98901 0.21375 0
98901 0.1 0
98901 0.3375 0
98901 0.15 0
98901 0.3375 0
98901 0.025 0
98901 0.3375 0
98901 0.15 0
98901 0.0625 0
98901 0.3375 0
98901 0.15 0
98901 0.1 0
98901 0.025 0
98901 0.1 0
98901 0.21375 0
98901 0.1 0
98901 0.3375 0
98901 0.1 0
98901 0.0625 0
98901 0.3375 0
98901 0.025 0
98901 0.025 0
98901 0.025 0
98901 0.0625 0
98245 0.0625 0
98245 0.3375 0
98245 0.15 0
98682 0.21375 0
98682 0.3375 0
98682 0.0625 0
98682 0.3375 0
98682 0.3375 0
98682 0.21375 0
98682 0.3375 0
98682 0.0625 0
98682 0.1 0
98682 0.21375 0
98682 0.3375 0
98682 0.3375 0
98682 0.3375 0
98682 0.15 0
98682 0.15 0
98682 0.3375 0
98682 0.3375 0
98682 0.3375 0
98682 0.3375 0
98682 0.21375 0
98682 0.21375 0
98682 0.21375 0
98682 0.15 0
98682 0.21375 0
98682 0.21375 0
98682 0.3375 0
98682 0.3375 0
98682 0.21375 0
98682 0.21375 0
98682 0.0625 0
98682 0.21375 0
98682 0.15 0
98682 0.3375 0
98682 0.3375 0
98682 0.21375 0
98682 0.15 0
98682 0.0625 0
98682 0.15 0
98682 0.15 0
98682 0.3375 0
98682 0.3375 0
98682 0.21375 0
98682 0.3375 0
98682 0.1 0
98682 0.15 0
98682 0.3375 0
98682 0.3375 0
98682 0.3375 0
98682 0.0625 0
98682 0.1 0
98682 0.21375 0
98682 0.3375 0
98682 0.15 0
98682 0.3375 0
98682 0.21375 0
98682 0.3375 0
98229 0.21375 0
98229 0.025 0
98229 0.0625 0
98229 0.3375 0
98229 0.3375 0
98229 0.21375 0
98229 0.21375 0
98229 0.3375 0
98229 0.15 0
98229 0.0625 0
98229 0.1 0
98229 0.21375 0
98229 0.3375 0
98229 0.21375 0
98229 0.21375 0
98229 0.025 0
98229 0.025 0
98229 0.21375 0
98229 0.21375 0
98229 0.0625 0
98229 0.21375 0
98229 0.3375 0
98229 0.15 0
98229 0.0625 0
98229 0.15 0
98229 0.3375 0
98229 0.15 0
98229 0.21375 0
98229 0.3375 0
98229 0.025 0
98226 0.3375 0
98226 0.3375 0
98226 0.3375 0
98226 0.1 0
98226 0.0625 0
98226 0.21375 0
98226 0.0625 0
98226 0.0625 0
98226 0.3375 0
98226 0.21375 0
98226 0.3375 0
98226 0.3375 0
98226 0.0625 0
98226 0.3375 0
98226 0.21375 0
98226 0.3375 0
98226 0.21375 0
98226 0.21375 0
98226 0.3375 0
98226 0.025 0
98226 0.025 0
98226 0.1 0
98226 0.21375 0
98226 0.025 0
98226 0.3375 0
98226 0.3375 0
98226 0.15 0
98226 0.21375 0
98226 0.3375 0
98226 0.3375 0
98226 0.21375 0
98226 0.3375 0
98226 0.025 0
98226 0.3375 0
98226 0.3375 0
98226 0.3375 0
98226 0.15 0
98226 0.21375 0
98226 0.025 0
98226 0.3375 0
98226 0.0625 0
98225 0.3375 0
98225 0.21375 0
98225 0.025 0
98225 0.0625 0
98225 0.0625 0
98225 0.1 0
98225 0.3375 0
98225 0.1 0
98225 0.3375 0
98225 0.21375 0
98225 0.3375 0
98225 0.15 0
98225 0.21375 0
98225 0.15 0
98225 0.0625 0
98225 0.025 0
98225 0.21375 0
98225 0.0625 0
98225 0.1 0
98225 0.025 0
98225 0.3375 0
98225 0.025 0
98225 0.1 0
98225 0.025 0
98225 0.025 0
98225 0.15 0
98225 0.1 0
98225 0.3375 0
98225 0.025 0
98225 0.1 0
98225 0.15 0
98225 0.0625 0
98225 0.025 0
98225 0.15 0
98225 0.1 0
98225 0.0625 0
98225 0.15 0
98225 0.0625 0
98225 0.21375 0
98225 0.21375 0
98225 0.0625 0
98225 0.15 0
98225 0.025 0
98225 0.0625 0
98225 0.1 0
98225 0.1 0
98225 0.0625 0
98225 0.21375 0
98225 0.21375 0
98223 0.025 0
98223 0.0625 0
98223 0.21375 0
98223 0.21375 0
98223 0.3375 0
98223 0.15 0
98223 0.0625 0
98223 0.21375 0
98223 0.15 0
98223 0.025 0
98223 0.15 0
98223 0.3375 0
98223 0.21375 0
98223 0.3375 0
98223 0.15 0
98223 0.15 0
98223 0.3375 0
98223 0.3375 0
98223 0.025 0
98223 0.1 0
98223 0.025 0
98223 0.21375 0
98223 0.15 0
98223 0.3375 0
98223 0.3375 0
98223 0.21375 0
98223 0.3375 0
98223 0.3375 0
98223 0.1 0
98223 0.3375 0
98223 0.3375 0
98223 0.3375 0
98223 0.3375 0
98223 0.025 0
98223 0.3375 0
98223 0.21375 0
98223 0.21375 0
98223 0.21375 0
98223 0.21375 0
98223 0.15 0
98223 0.3375 0
98221 0.3375 0
98221 0.3375 0
98221 0.3375 0
98221 0.1 0
98221 0.025 0
98221 0.15 0
98221 0.3375 0
98221 0.21375 0
98221 0.3375 0
98221 0.1 0
98221 0.3375 0
98221 0.15 0
98221 0.15 0
98221 0.0625 0
98221 0.025 0
98221 0.1 0
98221 0.3375 0
98221 0.0625 0
98221 0.15 0
98221 0.3375 0
98101 0.3375 0
98101 0.3375 0
98101 0.3375 0
98101 0.3375 0
98101 0.3375 0
98101 0.3375 0
98101 0.025 0
98101 0.3375 0
98101 0.21375 0
98101 0.3375 0
98101 0.3375 0
98101 0.025 0
98422 0.025 0
98422 0.3375 0
98422 0.3375 0
98422 0.3375 0
98422 0.3375 0
98422 0.3375 0
98422 0.3375 0
98422 0.0625 0
98422 0.3375 0
98422 0.15 0
98422 0.15 0
98422 0.15 0
98422 0.3375 0
98422 0.3375 0
98422 0.3375 0
98422 0.21375 0
98422 0.3375 0
98422 0.3375 0
98422 0.3375 0
98422 0.3375 0
98201 0.3375 0
98201 0.025 0
98201 0.025 0
98201 0.15 0
98201 0.3375 0
98201 0.3375 0
98201 0.15 0
98201 0.0625 0
98201 0.3375 0
98201 0.025 0
98201 0.025 0
98201 0.025 0
98201 0.21375 0
98201 0.1 0
98201 0.025 0
98201 0.1 0
98201 0.15 0
98201 0.3375 0
98201 0.025 0
98201 0.3375 0
98201 0.15 0
98201 0.3375 0
98201 0.025 0
98201 0.3375 0
98201 0.21375 0
98201 0.0625 0
98201 0.3375 0
98201 0.3375 0
98199 0.3375 0
98199 0.3375 0
98199 0.3375 0
98199 0.3375 0
98199 0.21375 0
98199 0.15 0
98199 0.15 0
98199 0.3375 0
98199 0.3375 0
98199 0.3375 0
98199 0.3375 0
98199 0.15 0
98199 0.3375 0
98199 0.3375 0
98199 0.3375 0
98199 0.21375 0
98199 0.3375 0
98199 0.3375 0
98199 0.21375 0
98199 0.21375 0
98199 0.3375 0
98198 0.3375 0
98198 0.3375 0
98198 0.3375 0
98198 0.21375 0
98198 0.15 0
98198 0.3375 0
98198 0.21375 0
98198 0.3375 0
98198 0.3375 0
98198 0.15 0
98198 0.3375 0
98198 0.3375 0
98198 0.21375 0
98198 0.21375 0
98198 0.3375 0
98198 0.21375 0
98198 0.3375 0
98198 0.21375 0
98198 0.15 0
98198 0.21375 0
98198 0.21375 0
98198 0.1 0
98198 0.3375 0
98198 0.0625 0
98198 0.15 0
98198 0.3375 0
98198 0.3375 0
98198 0.025 0
98198 0.3375 0
98198 0.15 0
98198 0.3375 0
98198 0.21375 0
98198 0.0625 0
98198 0.025 0
98198 0.3375 0
98198 0.3375 0
98848 0.3375 0
98848 0.21375 0
98848 0.21375 0
98848 0.21375 0
98848 0.3375 0
98848 0.025 0
98848 0.0625 0
98848 0.025 0
98848 0.21375 0
98848 0.1 0
98848 0.21375 0
98848 0.1 0
98177 0.3375 0
98177 0.3375 0
98177 0.3375 0
98177 0.025 0
98177 0.3375 0
98177 0.3375 0
98177 0.3375 0
98177 0.3375 0
98177 0.3375 0
98177 0.3375 0
98177 0.21375 0
98177 0.3375 0
98177 0.21375 0
98177 0.3375 0
98177 0.3375 0
98177 0.0625 0
98177 0.3375 0
98177 0.025 0
98177 0.0625 0
98168 0.0625 0
98168 0.1 0
98168 0.3375 0
98168 0.21375 0
98168 0.1 0
98168 0.3375 0
98168 0.15 0
98168 0.0625 0
98168 0.15 0
98168 0.15 0
98168 0.3375 0
98168 0.3375 0
98168 0.21375 0
98168 0.025 0
98168 0.15 0
98168 0.15 0
98168 0.025 0
98168 0.21375 0
98168 0.3375 0
98168 0.025 0
98168 0.3375 0
98168 0.15 0
98168 0.21375 0
98168 0.3375 0
98168 0.3375 0
98168 0.21375 0
98168 0.3375 0
98168 0.1 0
98168 0.025 0
98168 0.0625 0
98168 0.3375 0
98168 0.3375 0
98166 0.3375 0
98166 0.21375 0
98166 0.15 0
98166 0.0625 0
98166 0.21375 0
98166 0.3375 0
98166 0.21375 0
98166 0.21375 0
98166 0.21375 0
98166 0.3375 0
98166 0.3375 0
98166 0.025 0
98166 0.1 0
98166 0.3375 0
98166 0.025 0
98166 0.21375 0
98166 0.3375 0
98166 0.3375 0
98166 0.21375 0
98166 0.3375 0
98166 0.15 0
98837 0.15 0
98837 0.025 0
98837 0.3375 0
98837 0.3375 0
98837 0.3375 0
98837 0.1 0
98837 0.0625 0
98837 0.1 0
98837 0.3375 0
98837 0.3375 0
98837 0.15 0
98837 0.1 0
98837 0.3375 0
98837 0.15 0
98837 0.3375 0
98837 0.21375 0
98837 0.3375 0
98837 0.21375 0
98837 0.0625 0
98837 0.025 0
98837 0.3375 0
98837 0.21375 0
98837 0.0625 0
98837 0.3375 0
98837 0.15 0
98837 0.1 0
98837 0.025 0
98837 0.0625 0
98837 0.0625 0
98837 0.3375 0
98837 0.025 0
98837 0.0625 0
98837 0.1 0
98837 0.1 0
98837 0.21375 0
98837 0.1 0
98837 0.1 0
98837 0.21375 0
98837 0.025 0
98837 0.15 0
98837 0.0625 0
98001 0.15 0
98001 0.21375 0
98001 0.21375 0
98001 0.15 0
98001 0.3375 0
98001 0.3375 0
98001 0.3375 0
98001 0.3375 0
98001 0.3375 0
98001 0.025 0
98001 0.3375 0
98001 0.3375 0
98001 0.3375 0
98001 0.1 0
98001 0.21375 0
98001 0.3375 0
98001 0.3375 0
98001 0.15 0
98001 0.15 0
98001 0.0625 0
98001 0.15 0
98001 0.15 0
98001 0.025 0
98001 0.3375 0
98001 0.025 0
98001 0.025 0
98001 0.3375 0
98001 0.025 0
98001 0.21375 0
98001 0.3375 0
98001 0.3375 0
